adidas 0.9050 490 89 616 248
adidas 0.5468 516 121 635 275
adidas 0.1421 481 29 603 95
adidas 0.1384 513 44 586 94
adidas 0.0785 534 35 657 85
adidas 0.0544 904 352 980 445
adidas 0.0427 168 382 397 616
adidas 0.0380 466 239 979 304
adidas 0.0351 908 352 1044 490
adidas 0.0350 475 417 768 603
adidas 0.0272 722 442 870 611
adidas 0.0264 581 431 860 610
adidas 0.0262 616 461 671 503
adidas 0.0226 529 432 690 594
anta 0.0317 0 0 506 49
anta 0.0272 59 241 102 270
anta 0.0211 0 0 341 89
anta 0.0200 108 6 450 87
huawei 0.0375 658 43 784 82
huawei 0.0268 663 93 775 131
huawei 0.0221 487 212 597 238
kfc 0.0339 359 352 397 400
kfc 0.0241 110 335 179 375
kfc 0.0203 102 325 145 388
kfc 0.0200 344 367 390 422
lining 0.0666 59 566 140 591
lining 0.0367 63 575 142 602
lining 0.0308 8 770 88 799
lining 0.0270 85 568 157 594
lining 0.0270 80 562 192 585
lining 0.0251 77 284 137 307
lining 0.0248 8 140 106 170
lining 0.0236 531 274 570 294
lining 0.0228 528 5 641 49
mcdonalds 0.0282 931 340 964 374
mcdonalds 0.0269 784 761 878 810
naixue 0.0886 485 82 611 244
naixue 0.0402 911 370 1079 510
naixue 0.0350 944 599 1022 715
naixue 0.0210 1019 379 1066 449
naixue 0.0204 911 578 1051 737
naixue 0.0202 955 25 1080 268
nike 0.0249 358 222 389 239
nike 0.0221 170 722 269 769
puma 0.0711 605 426 648 458
puma 0.0540 388 368 421 399
puma 0.0427 88 328 137 385
puma 0.0398 876 389 902 424
puma 0.0395 386 356 428 394
puma 0.0384 580 414 618 446
puma 0.0354 350 447 379 473
puma 0.0352 316 404 361 432
puma 0.0346 359 352 397 400
puma 0.0328 367 347 406 391
puma 0.0326 259 366 446 551
puma 0.0319 494 412 521 436
puma 0.0306 198 359 363 563
puma 0.0280 84 320 917 810
puma 0.0269 117 303 155 329
puma 0.0269 222 346 259 369
puma 0.0252 591 443 627 481
puma 0.0246 327 392 368 419
puma 0.0238 106 320 142 366
puma 0.0236 468 371 495 403
puma 0.0235 874 457 896 484
puma 0.0234 193 417 239 496
puma 0.0233 117 444 148 472
puma 0.0232 2 0 93 207
puma 0.0230 200 450 247 512
puma 0.0224 344 367 390 422
puma 0.0222 209 407 273 510
puma 0.0217 477 457 497 479
puma 0.0216 296 405 333 439
puma 0.0215 300 335 331 357
puma 0.0212 206 469 240 505
puma 0.0211 197 385 237 433
puma 0.0206 866 341 889 364
puma 0.0206 714 472 768 497
puma 0.0203 480 411 503 440
starburks 0.1792 485 82 611 244
uniqlo 0.0374 7 389 49 438
zara 0.0248 196 349 247 376
