adidas 0.0746 267 52 332 97
adidas 0.0265 125 353 166 393
adidas 0.0233 180 242 198 262
adidas 0.0226 521 374 557 394
adidas 0.0210 502 372 532 396
anta 0.0405 1 4 278 39
anta 0.0356 284 1 451 8
anta 0.0288 0 12 205 137
anta 0.0248 314 0 494 6
anta 0.0226 0 5 52 180
huawei 0.0335 104 406 147 414
kfc 0.0506 125 324 166 392
kfc 0.0439 303 315 336 376
kfc 0.0340 309 319 338 349
kfc 0.0266 578 8 612 96
kfc 0.0225 309 315 329 343
kfc 0.0217 508 375 535 396
kfc 0.0215 432 284 486 361
lining 0.0277 297 162 316 170
lining 0.0232 154 1 307 8
lining 0.0210 67 214 90 230
mcdonalds 0.0322 530 179 550 199
mcdonalds 0.0296 531 156 553 171
mcdonalds 0.0209 536 163 557 186
nike 0.0334 260 99 329 117
nike 0.0224 416 75 620 159
oppo 0.0594 67 212 164 241
oppo 0.0349 435 213 527 245
puma 0.0453 265 309 283 326
puma 0.0364 366 313 381 328
puma 0.0335 258 321 280 354
puma 0.0244 567 76 594 103
puma 0.0240 200 227 211 254
puma 0.0238 276 215 298 229
puma 0.0227 402 306 414 333
puma 0.0220 248 320 277 344
puma 0.0215 401 364 414 388
puma 0.0203 274 404 303 416
puma 0.0203 237 254 255 279
starburks 0.1093 444 294 482 341
starburks 0.0259 428 297 459 347
starburks 0.0238 578 8 612 96
starburks 0.0227 265 57 331 118
starburks 0.0203 93 305 121 336
watsons 0.0754 67 212 164 241
watsons 0.0480 431 215 531 262
watsons 0.0336 68 215 169 261
watsons 0.0297 86 227 207 284
