adidas 0.0539 325 14 369 67
adidas 0.0341 442 237 463 251
adidas 0.0261 49 238 150 356
adidas 0.0215 163 188 185 201
hotmaxx 0.0363 430 315 456 326
kfc 0.0407 547 180 590 230
kfc 0.0345 158 399 205 429
kfc 0.0256 321 14 373 65
kfc 0.0211 425 293 443 313
lining 0.0293 449 337 476 346
lining 0.0277 220 210 247 220
lining 0.0248 351 129 382 141
lining 0.0212 283 232 309 242
mcdonalds 0.0213 539 175 597 236
naixue 0.0558 539 175 597 236
naixue 0.0432 548 188 582 228
nike 0.0374 187 149 229 167
nike 0.0269 30 395 77 444
nike 0.0210 147 0 562 249
nike 0.0207 184 145 238 161
nike 0.0204 3 402 86 452
oppo 0.0457 373 370 432 379
puma 0.0393 180 240 252 300
puma 0.0382 444 261 468 275
puma 0.0282 225 271 242 290
puma 0.0278 507 372 524 387
puma 0.0250 208 262 240 275
puma 0.0239 286 239 308 250
puma 0.0234 223 265 246 284
puma 0.0229 387 208 408 228
puma 0.0216 274 285 301 301
puma 0.0204 320 214 336 225
puma 0.0200 419 215 446 235
starburks 0.1086 325 19 369 62
starburks 0.0884 547 180 590 230
uniqlo 0.0736 445 325 468 345
uniqlo 0.0374 441 320 471 340
uniqlo 0.0327 430 286 453 307
uniqlo 0.0222 548 188 582 228
watsons 0.0226 419 342 451 351
watsons 0.0210 269 406 486 449
watsons 0.0200 254 228 304 238
zara 0.0248 53 169 115 198
zara 0.0230 201 222 258 239
zara 0.0221 539 175 597 236
zara 0.0206 147 0 562 249
zara 0.0205 201 232 368 275
