adidas 0.4493 462 410 801 689
adidas 0.0352 499 332 770 619
adidas 0.0326 170 1127 241 1195
adidas 0.0259 157 1133 207 1217
anta 0.0282 0 14 514 135
anta 0.0276 915 278 1077 665
anta 0.0267 977 218 1080 854
anta 0.0248 608 18 1004 205
anta 0.0238 747 332 1048 628
anta 0.0232 464 11 1028 126
apple 0.0384 479 692 1080 1810
huawei 0.0218 0 1326 330 1528
lining 0.0301 808 131 890 204
lining 0.0239 0 1850 97 1906
lining 0.0235 347 895 673 1111
lining 0.0200 144 0 416 26
naixue 0.0221 0 1073 94 1756
naixue 0.0211 77 1148 270 1617
nike 0.0287 753 37 1080 316
nike 0.0234 929 793 1057 882
oppo 0.0277 923 1136 1016 1179
puma 0.0346 543 1039 583 1085
puma 0.0342 722 1065 751 1123
puma 0.0333 619 1033 648 1075
puma 0.0332 414 812 615 1047
puma 0.0293 979 727 1072 1338
puma 0.0269 1033 858 1074 1084
puma 0.0251 697 1103 753 1239
puma 0.0232 710 1095 739 1164
puma 0.0228 537 1249 595 1271
puma 0.0226 479 871 580 995
puma 0.0218 341 1162 372 1233
puma 0.0216 591 1030 627 1087
puma 0.0209 636 963 663 1033
puma 0.0202 708 964 747 1002
puma 0.0202 713 1119 757 1203
vivo 0.0362 457 418 815 687
vivo 0.0252 1017 1034 1059 1097
vivo 0.0236 708 939 757 970
watsons 0.0337 398 1742 802 1888
watsons 0.0262 162 1755 624 1878
