adidas 0.0215 849 662 901 706
anta 0.2863 1322 282 1539 402
anta 0.0234 0 5 869 72
anta 0.0204 1082 300 1627 437
apple 0.0905 927 381 1998 1077
apple 0.0338 0 138 1045 956
huawei 0.1087 715 255 934 334
huawei 0.0271 741 358 904 383
kfc 0.0252 806 712 863 750
kfc 0.0202 793 713 838 760
lining 0.0371 950 449 1029 477
lining 0.0329 853 454 926 481
lining 0.0255 1381 266 1493 297
mi 0.0210 0 304 1079 1073
nike 0.0251 569 458 1802 1080
nike 0.0227 1186 561 1268 594
nike 0.0219 1676 459 1814 502
puma 0.0924 1351 284 1547 392
puma 0.0426 1217 668 1298 736
puma 0.0392 1372 558 1434 589
puma 0.0354 1194 690 1266 750
puma 0.0330 1432 293 1547 414
puma 0.0310 673 483 719 533
puma 0.0306 744 498 832 610
puma 0.0300 1245 657 1320 706
puma 0.0286 847 551 905 594
puma 0.0284 1205 669 1276 705
puma 0.0267 1265 548 1365 590
puma 0.0259 927 381 1998 1077
puma 0.0252 1831 432 1998 810
puma 0.0250 1007 695 1082 728
puma 0.0249 439 403 582 442
puma 0.0238 1441 952 1986 1063
puma 0.0230 855 536 920 576
puma 0.0229 1461 952 1591 1046
puma 0.0223 1108 692 1173 721
puma 0.0220 920 701 990 728
puma 0.0219 746 506 830 546
puma 0.0214 1256 678 1343 756
puma 0.0211 684 262 754 305
uniqlo 0.0410 793 713 838 760
uniqlo 0.0270 806 712 863 750
vivo 0.0403 1527 256 1705 288
vivo 0.0365 1441 250 1641 286
vivo 0.0242 698 246 958 333
zara 0.0826 698 246 958 333
zara 0.0529 357 0 1932 586
