adidas 0.0382 406 998 458 1058
adidas 0.0357 395 968 466 1038
adidas 0.0276 0 142 81 598
adidas 0.0269 412 955 489 1019
adidas 0.0248 464 1019 520 1062
adidas 0.0213 0 649 88 1093
anta 0.5891 646 286 825 400
anta 0.0857 617 347 842 489
anta 0.0364 712 306 821 415
anta 0.0294 323 6 919 82
anta 0.0223 51 1011 100 1134
anta 0.0219 116 625 415 755
anta 0.0208 33 414 103 479
apple 0.0233 0 382 562 1270
coco 0.0259 277 967 328 1041
huawei 0.0628 140 305 349 364
huawei 0.0341 831 55 960 312
huawei 0.0334 332 339 503 396
huawei 0.0244 269 30 616 194
huawei 0.0234 274 329 530 381
kfc 0.0841 498 609 556 712
kfc 0.0563 225 964 351 1179
kfc 0.0437 277 985 330 1078
kfc 0.0422 247 944 338 1113
kfc 0.0358 273 1069 319 1150
kfc 0.0290 355 1181 410 1239
kfc 0.0228 278 1076 325 1121
lining 0.0381 735 505 780 523
lining 0.0250 5 355 54 432
mcdonalds 0.0444 883 9 960 231
mcdonalds 0.0282 412 472 441 502
mcdonalds 0.0211 106 1015 163 1154
mcdonalds 0.0209 477 945 508 1018
mcdonalds 0.0202 213 1212 247 1262
mcdonalds 0.0201 913 609 955 796
naixue 0.0274 874 12 960 308
naixue 0.0247 501 612 556 705
nike 0.0643 644 282 824 420
nike 0.0411 670 341 900 499
nike 0.0239 712 306 821 415
nike 0.0215 1 204 128 473
oppo 0.0299 137 160 214 193
puma 0.0766 1 427 50 576
puma 0.0467 5 487 26 679
puma 0.0304 568 2 714 144
puma 0.0288 2 436 92 673
puma 0.0266 6 427 66 528
puma 0.0262 668 983 728 1110
puma 0.0262 462 1149 493 1217
puma 0.0247 23 1123 61 1206
puma 0.0244 511 9 646 130
puma 0.0220 137 1084 342 1280
puma 0.0218 688 1034 773 1152
puma 0.0203 607 585 636 621
starburks 0.0362 277 967 328 1041
starburks 0.0324 10 406 60 492
uniqlo 0.0305 501 612 556 705
vivo 0.0249 284 1207 354 1265
vivo 0.0202 249 1204 313 1265
watsons 0.0336 161 350 581 440
watsons 0.0297 711 55 956 445
watsons 0.0281 181 1121 458 1271
watsons 0.0230 162 295 566 419
zara 0.0256 144 313 308 377
zara 0.0222 201 0 927 672
