adidas 0.0265 518 1136 577 1189
adidas 0.0251 536 1160 597 1227
anta 0.2224 716 393 1131 588
anta 0.0405 1033 1208 1115 1300
anta 0.0400 740 110 1154 576
anta 0.0243 715 311 1164 720
anta 0.0240 412 10 1068 123
anta 0.0228 1012 1162 1123 1282
anta 0.0220 904 368 1154 594
anta 0.0212 511 1340 563 1454
anta 0.0201 527 1301 603 1438
apple 0.0306 539 734 1168 2034
apple 0.0270 224 515 300 550
apple 0.0251 0 595 699 2080
coco 0.0201 304 67 370 145
hm 0.0283 45 882 98 979
huawei 0.0325 366 1153 442 1192
huawei 0.0308 512 119 651 186
huawei 0.0245 153 52 498 322
huawei 0.0241 184 86 359 183
huawei 0.0238 150 580 511 744
huawei 0.0238 127 18 429 83
huawei 0.0237 169 3 335 135
huawei 0.0215 9 590 435 779
huawei 0.0213 1017 90 1123 191
huawei 0.0212 716 461 903 508
huawei 0.0209 461 255 583 293
huawei 0.0206 0 20 229 331
kfc 0.0309 852 1110 899 1233
lining 0.0329 1062 428 1147 543
lining 0.0318 725 318 938 403
lining 0.0302 728 371 1135 579
lining 0.0267 820 1529 859 1568
lining 0.0241 735 95 1166 605
lining 0.0240 995 1120 1099 1212
lining 0.0234 364 1192 429 1228
lining 0.0233 61 823 120 892
lining 0.0224 154 1540 401 1785
mcdonalds 0.0272 45 882 98 979
naixue 0.0357 877 918 929 974
naixue 0.0269 127 18 429 83
naixue 0.0254 1 556 60 669
naixue 0.0243 865 991 909 1048
naixue 0.0204 204 58 384 362
nike 0.2397 708 378 1118 589
nike 0.0500 740 110 1154 576
nike 0.0367 232 0 1155 1147
nike 0.0346 1062 428 1147 543
nike 0.0314 697 1149 741 1199
nike 0.0308 707 1130 758 1172
nike 0.0288 779 8 1168 181
nike 0.0276 258 987 1108 2080
nike 0.0246 244 1225 674 1441
nike 0.0242 676 220 1138 484
nike 0.0209 0 1243 387 1498
nike 0.0207 811 5 1164 359
nike 0.0206 176 1206 470 1469
nike 0.0200 691 1261 740 1307
puma 0.0639 1015 6 1126 128
puma 0.0609 933 14 1082 124
puma 0.0401 756 1163 787 1215
puma 0.0368 980 20 1168 83
puma 0.0368 1012 1162 1123 1282
puma 0.0330 863 1104 904 1192
puma 0.0279 761 1140 807 1190
puma 0.0275 553 1209 595 1270
puma 0.0256 1037 49 1110 158
puma 0.0250 443 1080 477 1125
puma 0.0216 313 1194 347 1249
puma 0.0201 461 1150 497 1193
puma 0.0200 849 24 1113 184
uniqlo 0.0366 45 882 98 979
vivo 0.0284 56 1920 127 2014
vivo 0.0245 477 7 768 36
zara 0.0289 67 901 136 992
