adidas 0.0247 125 39 155 60
adidas 0.0229 113 361 140 376
adidas 0.0215 190 5 372 45
adidas 0.0208 333 50 360 69
anta 0.6715 251 221 378 287
apple 0.0382 0 148 531 513
coco 0.0423 528 237 603 280
huawei 0.0660 471 247 804 293
huawei 0.0281 188 63 519 123
huawei 0.0279 408 59 722 125
huawei 0.0275 406 3 719 96
huawei 0.0274 855 3 1000 82
huawei 0.0265 243 0 847 26
huawei 0.0225 584 58 902 125
huawei 0.0219 492 95 806 157
kfc 0.0306 678 429 727 481
kfc 0.0277 642 500 791 531
lining 0.0399 689 343 723 355
lining 0.0225 277 327 315 342
lining 0.0219 731 0 958 3
lining 0.0212 285 0 472 6
lining 0.0211 258 217 389 277
mcdonalds 0.0441 639 293 672 315
mcdonalds 0.0266 543 348 571 361
mcdonalds 0.0247 584 345 620 358
mcdonalds 0.0244 547 363 569 380
mcdonalds 0.0237 564 347 594 357
mcdonalds 0.0212 642 500 791 531
naixue 0.0241 0 124 18 202
naixue 0.0209 177 391 317 513
nike 0.0382 340 426 388 448
nike 0.0248 468 91 827 157
nike 0.0238 299 242 645 299
nike 0.0207 584 58 902 125
oppo 0.0254 195 31 315 52
puma 0.0746 270 343 309 367
puma 0.0639 323 437 380 482
puma 0.0608 274 354 301 379
puma 0.0508 261 357 306 395
puma 0.0488 648 376 697 393
puma 0.0377 268 357 324 386
puma 0.0370 170 431 194 456
puma 0.0358 324 362 383 384
puma 0.0355 740 438 764 464
puma 0.0351 440 402 469 419
puma 0.0328 428 381 459 396
puma 0.0318 649 371 712 387
puma 0.0306 644 385 671 402
puma 0.0287 274 341 330 359
puma 0.0283 290 419 401 503
puma 0.0282 119 377 145 399
puma 0.0278 852 388 887 427
puma 0.0277 557 475 585 499
puma 0.0271 56 0 241 94
puma 0.0269 380 362 402 374
puma 0.0266 432 404 460 422
puma 0.0263 586 385 612 411
puma 0.0259 569 395 592 416
puma 0.0253 747 369 776 398
puma 0.0233 677 367 737 389
puma 0.0221 0 5 41 57
puma 0.0212 381 44 407 67
puma 0.0212 281 233 387 280
puma 0.0210 768 390 800 411
puma 0.0209 324 359 357 375
puma 0.0209 747 437 784 458
puma 0.0203 379 381 404 400
puma 0.0201 752 397 777 417
puma 0.0200 2 1 91 127
uniqlo 0.0531 639 504 731 529
uniqlo 0.0371 642 500 791 531
uniqlo 0.0280 214 508 315 528
zara 0.0210 172 39 205 67
