adidas 0.0255 154 117 174 126
anta 0.8496 169 22 249 63
anta 0.4316 180 34 256 73
anta 0.0331 0 2 186 20
anta 0.0250 196 33 243 63
anta 0.0205 0 1 126 36
huawei 0.0256 270 16 307 29
huawei 0.0237 5 152 121 182
kfc 0.0252 29 147 49 158
kfc 0.0218 268 209 286 222
kfc 0.0203 203 162 237 185
lining 0.0782 171 19 243 60
lining 0.0692 170 17 241 39
lining 0.0341 122 135 149 144
lining 0.0235 0 293 36 304
mcdonalds 0.0237 258 96 271 108
mcdonalds 0.0220 50 83 64 100
naixue 0.0262 31 86 43 99
naixue 0.0226 0 81 17 98
naixue 0.0208 0 112 33 236
naixue 0.0203 0 74 6 119
nike 0.0277 278 178 394 226
nike 0.0232 182 29 244 64
nike 0.0230 69 201 87 208
puma 0.0577 203 156 261 202
puma 0.0401 241 199 257 205
puma 0.0339 228 175 258 191
puma 0.0315 105 107 124 121
puma 0.0240 323 145 341 158
puma 0.0224 94 113 118 124
puma 0.0222 98 132 110 139
puma 0.0219 91 133 106 145
puma 0.0218 37 83 50 93
puma 0.0216 58 81 72 93
puma 0.0215 152 96 160 105
puma 0.0213 356 136 369 149
puma 0.0208 92 112 109 130
puma 0.0202 128 137 146 151
puma 0.0201 107 108 141 125
puma 0.0200 1 0 33 79
uniqlo 0.0313 3 112 18 133
uniqlo 0.0288 4 128 22 144
