adidas 0.0402 445 869 584 996
adidas 0.0256 864 571 960 1077
anta 0.3741 163 475 323 584
anta 0.0740 173 506 381 632
anta 0.0213 863 420 954 790
coco 0.0512 277 250 297 292
coco 0.0345 491 526 542 597
coco 0.0311 273 209 291 239
coco 0.0274 310 1216 460 1280
coco 0.0267 252 1217 393 1280
coco 0.0235 316 800 351 837
hotmaxx 0.0345 393 525 526 586
huawei 0.0624 390 527 521 592
huawei 0.0440 366 524 601 654
huawei 0.0269 812 55 960 285
huawei 0.0202 369 255 633 409
kfc 0.0327 419 1176 471 1238
kfc 0.0285 155 332 221 384
kfc 0.0276 297 880 406 942
kfc 0.0246 146 830 196 876
kfc 0.0223 103 811 166 866
kfc 0.0222 175 216 198 239
kfc 0.0220 0 51 31 214
kfc 0.0215 146 357 215 387
kfc 0.0207 393 525 526 586
kfc 0.0203 6 723 34 855
lining 0.1526 164 476 325 567
lining 0.0725 310 831 436 881
lining 0.0612 207 511 474 637
lining 0.0440 202 633 278 654
lining 0.0348 322 149 383 173
lining 0.0328 668 424 727 458
lining 0.0264 366 685 389 706
lining 0.0246 534 702 580 724
lining 0.0216 528 724 560 741
lining 0.0215 576 666 602 695
lining 0.0207 150 12 340 29
mcdonalds 0.0289 353 1216 513 1280
mcdonalds 0.0252 273 755 323 790
mcdonalds 0.0239 417 681 449 703
naixue 0.0250 3 0 86 468
nike 0.0325 233 528 590 645
nike 0.0303 373 601 642 742
nike 0.0297 697 219 941 413
nike 0.0248 164 476 325 567
nike 0.0240 729 1008 932 1145
nike 0.0215 712 727 918 938
nike 0.0200 707 472 953 711
oppo 0.0241 240 859 954 1244
puma 0.0396 293 242 317 278
puma 0.0299 618 344 659 392
puma 0.0292 757 177 811 225
puma 0.0289 650 1037 682 1065
puma 0.0284 806 529 889 605
puma 0.0271 857 462 957 876
puma 0.0261 440 891 554 999
puma 0.0255 298 224 322 252
puma 0.0245 471 224 511 264
puma 0.0227 454 225 479 253
puma 0.0227 359 224 412 258
puma 0.0210 0 51 31 214
puma 0.0208 285 14 424 125
puma 0.0206 335 937 417 987
puma 0.0205 8 18 149 135
puma 0.0204 558 345 623 401
puma 0.0204 858 674 905 731
vivo 0.0243 290 1208 365 1272
watsons 0.0528 167 1167 490 1269
watsons 0.0295 377 1156 669 1272
zara 0.0234 393 525 526 586
