anta 0.2057 198 85 261 112
anta 0.1265 207 80 270 104
anta 0.0362 204 92 256 121
anta 0.0355 0 1 277 23
anta 0.0255 349 74 465 129
anta 0.0244 390 0 550 38
anta 0.0232 102 1 298 38
anta 0.0225 0 2 183 42
anta 0.0209 461 59 548 127
apple 0.0324 0 45 298 317
apple 0.0238 237 136 550 353
hm 0.0813 281 310 321 329
hotmaxx 0.0341 273 255 301 264
huawei 0.0293 267 79 368 111
huawei 0.0208 462 1 550 46
kfc 0.0463 180 215 199 234
kfc 0.0302 184 213 209 223
kfc 0.0286 179 210 196 222
lining 0.0246 204 78 270 112
lining 0.0212 0 350 48 361
mcdonalds 0.0257 407 57 434 70
mcdonalds 0.0240 67 49 91 59
mcdonalds 0.0238 285 85 361 115
mcdonalds 0.0229 293 156 310 167
mcdonalds 0.0225 253 50 295 71
mcdonalds 0.0216 86 43 122 57
mcdonalds 0.0215 82 53 120 67
mcdonalds 0.0213 290 128 313 138
mcdonalds 0.0201 66 57 86 71
mi 0.0212 0 95 308 363
nike 0.0995 225 95 384 131
nike 0.0392 395 88 457 121
nike 0.0237 132 148 502 366
nike 0.0237 212 168 254 191
nike 0.0220 459 91 550 161
puma 0.0516 318 192 343 205
puma 0.0454 351 176 377 192
puma 0.0405 349 156 390 170
puma 0.0393 322 203 339 215
puma 0.0353 176 153 195 165
puma 0.0324 212 168 254 191
puma 0.0323 241 200 256 213
puma 0.0311 201 161 231 180
puma 0.0309 474 141 492 155
puma 0.0309 175 156 200 174
puma 0.0308 0 179 23 226
puma 0.0302 259 217 270 222
puma 0.0300 322 193 351 201
puma 0.0296 0 138 55 258
puma 0.0293 205 82 268 112
puma 0.0281 175 150 211 171
puma 0.0279 475 137 498 147
puma 0.0278 154 150 167 162
puma 0.0274 344 152 374 172
puma 0.0270 379 157 403 178
puma 0.0264 154 208 163 219
puma 0.0263 364 256 382 263
puma 0.0238 244 224 254 233
puma 0.0235 1 181 30 211
puma 0.0229 124 189 137 199
puma 0.0225 358 208 370 217
puma 0.0222 267 217 286 230
puma 0.0216 372 156 411 173
puma 0.0216 249 220 261 229
puma 0.0211 0 170 41 225
puma 0.0210 282 215 300 223
puma 0.0206 483 158 501 168
puma 0.0200 257 257 277 263
zara 0.0370 105 0 524 192
zara 0.0226 9 155 33 170
