adidas 0.0273 158 454 212 490
adidas 0.0263 488 464 532 478
adidas 0.0212 54 463 94 493
adidas 0.0208 469 464 514 484
anta 0.3727 423 33 512 86
anta 0.0687 380 19 519 89
anta 0.0476 329 15 544 111
anta 0.0386 183 10 505 93
anta 0.0344 671 0 940 93
anta 0.0334 0 3 459 44
anta 0.0312 106 5 416 75
anta 0.0259 411 3 540 71
anta 0.0228 0 3 314 78
anta 0.0226 458 77 789 131
anta 0.0217 834 37 960 163
anta 0.0215 763 389 806 403
anta 0.0208 0 0 266 13
anta 0.0201 441 22 506 55
coco 0.0229 715 216 772 274
huawei 0.0718 547 66 747 99
huawei 0.0584 493 33 708 96
huawei 0.0335 1 488 325 577
huawei 0.0295 17 437 343 611
huawei 0.0281 774 645 960 716
huawei 0.0245 721 320 782 341
huawei 0.0214 149 430 502 587
huawei 0.0200 243 390 566 541
kfc 0.0373 315 454 373 475
kfc 0.0243 816 274 847 306
kfc 0.0225 323 445 354 460
kfc 0.0215 362 455 388 473
kfc 0.0201 326 432 366 451
lining 0.0284 501 141 559 154
lining 0.0280 469 140 512 157
lining 0.0273 478 130 532 145
lining 0.0260 717 200 748 218
lining 0.0259 708 177 755 192
lining 0.0236 503 158 541 169
mcdonalds 0.0446 668 152 695 167
mcdonalds 0.0340 199 391 226 406
mcdonalds 0.0221 180 400 207 419
mcdonalds 0.0210 168 410 192 433
naixue 0.0299 843 229 953 413
nike 0.0350 458 77 789 131
nike 0.0254 318 429 363 445
oppo 0.0223 776 665 902 712
puma 0.0388 301 295 349 346
puma 0.0362 593 427 641 460
puma 0.0350 426 27 510 86
puma 0.0322 497 428 533 443
puma 0.0322 363 306 424 331
puma 0.0281 317 296 368 330
puma 0.0270 275 305 313 341
puma 0.0255 288 306 329 332
puma 0.0232 354 310 399 350
puma 0.0230 821 446 852 462
puma 0.0229 3 6 82 183
puma 0.0222 366 187 393 200
puma 0.0211 576 429 621 455
starburks 0.0462 715 216 772 274
starburks 0.0226 712 221 749 258
uniqlo 0.0226 813 304 851 339
vivo 0.0219 809 32 861 63
watsons 0.0314 761 645 960 713
watsons 0.0221 557 649 906 715
zara 0.0347 527 428 585 448
