adidas 0.0224 974 556 1028 593
anta 0.0331 400 1 579 24
anta 0.0275 899 0 1280 106
anta 0.0275 1110 432 1141 484
anta 0.0212 519 6 926 100
apple 0.0225 543 305 1280 952
hotmaxx 0.0513 459 280 961 376
hotmaxx 0.0387 642 288 1059 381
hotmaxx 0.0253 368 275 735 388
hotmaxx 0.0212 883 301 1105 354
hotmaxx 0.0204 709 257 1002 411
huawei 0.0287 0 578 367 690
huawei 0.0231 1090 5 1280 129
huawei 0.0212 5 7 373 169
kfc 0.0456 655 429 692 457
kfc 0.0305 354 59 416 136
kfc 0.0282 438 104 514 148
kfc 0.0269 590 154 635 203
kfc 0.0256 646 443 671 468
kfc 0.0242 553 233 597 262
kfc 0.0237 467 525 524 574
kfc 0.0208 573 152 613 206
kfc 0.0202 404 100 445 153
lining 0.0289 480 397 524 417
lining 0.0268 686 418 759 456
lining 0.0223 706 413 823 450
lining 0.0212 321 234 358 270
lining 0.0209 956 380 1002 425
lining 0.0207 336 326 398 354
lining 0.0201 331 227 392 265
mcdonalds 0.0358 479 276 536 327
mcdonalds 0.0316 361 558 407 583
mcdonalds 0.0308 487 266 560 321
mcdonalds 0.0283 357 541 417 564
mcdonalds 0.0247 356 529 427 550
mcdonalds 0.0219 624 205 662 250
mcdonalds 0.0218 164 557 194 587
mcdonalds 0.0214 488 286 581 345
mcdonalds 0.0212 271 569 329 592
nike 0.0289 632 101 1058 210
nike 0.0241 829 174 881 192
puma 0.0406 885 577 922 618
puma 0.0359 933 563 978 588
puma 0.0358 910 562 955 600
puma 0.0336 1015 586 1058 634
puma 0.0333 895 532 928 569
puma 0.0298 1159 327 1271 723
puma 0.0293 1015 548 1050 571
puma 0.0289 610 299 642 332
puma 0.0284 362 639 421 710
puma 0.0257 539 296 588 329
puma 0.0255 967 546 1017 641
puma 0.0240 163 12 298 48
puma 0.0237 997 610 1058 664
puma 0.0237 624 290 668 316
puma 0.0228 476 672 517 712
puma 0.0223 1163 523 1208 566
puma 0.0218 515 426 1280 960
puma 0.0215 945 529 991 552
puma 0.0215 95 0 414 15
puma 0.0215 4 3 125 224
puma 0.0215 965 531 1001 587
puma 0.0211 690 668 719 684
puma 0.0208 1155 530 1191 566
vivo 0.0205 67 883 132 937
zara 0.0375 260 0 1238 531
