adidas 0.0459 816 357 954 659
adidas 0.0337 848 115 958 549
adidas 0.0228 75 575 226 869
adidas 0.0226 0 491 87 962
anta 0.0232 62 998 154 1071
anta 0.0226 310 351 546 467
anta 0.0214 296 370 618 552
apple 0.0208 651 309 732 456
coco 0.0277 807 450 953 693
hotmaxx 0.0444 183 0 960 790
kfc 0.0253 56 956 146 1022
lining 0.2909 287 374 637 545
lining 0.0785 245 257 736 620
lining 0.0529 573 626 635 657
lining 0.0392 355 312 562 481
lining 0.0339 356 779 435 805
lining 0.0334 309 774 368 806
lining 0.0304 223 36 671 384
lining 0.0290 673 761 709 790
lining 0.0262 742 759 777 795
lining 0.0236 418 811 461 833
lining 0.0235 13 693 64 733
lining 0.0220 307 785 353 819
lining 0.0217 333 339 518 428
lining 0.0211 425 785 491 805
lining 0.0204 568 641 623 679
mcdonalds 0.0238 109 809 167 882
naixue 0.0255 798 477 959 690
nike 0.0540 4 333 256 542
nike 0.0341 272 893 620 1020
nike 0.0266 62 998 154 1071
nike 0.0254 33 439 234 658
nike 0.0224 880 272 935 340
nike 0.0210 131 455 369 655
nike 0.0207 40 990 132 1058
nike 0.0207 541 123 885 258
nike 0.0203 0 488 338 617
puma 0.0272 824 0 929 83
puma 0.0267 842 14 910 95
puma 0.0266 424 903 468 958
puma 0.0262 759 17 909 239
puma 0.0237 857 74 904 172
puma 0.0210 803 49 860 197
starburks 0.1124 814 425 952 593
vivo 0.0385 704 220 784 275
watsons 0.0434 54 8 637 87
watsons 0.0375 316 47 622 421
watsons 0.0334 22 205 76 243
watsons 0.0275 551 833 633 860
watsons 0.0239 14 113 355 237
watsons 0.0233 816 430 955 726
watsons 0.0216 23 162 180 372
watsons 0.0211 177 32 690 270
