adidas 0.0249 81 147 212 258
anta 0.9222 249 37 345 85
anta 0.1678 260 54 360 101
coco 0.0301 428 323 463 353
coco 0.0290 107 353 203 366
hotmaxx 0.0498 276 271 321 280
hotmaxx 0.0227 448 59 549 104
huawei 0.0427 370 19 433 35
huawei 0.0236 376 44 409 55
huawei 0.0214 424 257 453 266
kfc 0.0290 379 176 406 197
kfc 0.0253 177 235 212 245
kfc 0.0246 177 237 208 251
kfc 0.0232 66 196 90 206
kfc 0.0230 70 214 90 226
kfc 0.0221 409 208 433 234
kfc 0.0216 55 223 72 237
lining 0.0956 253 35 347 66
lining 0.0328 251 24 342 46
lining 0.0248 191 182 219 194
mcdonalds 0.0408 429 59 530 89
mcdonalds 0.0276 438 136 453 146
mcdonalds 0.0272 94 119 115 142
naixue 0.0242 320 133 358 155
nike 0.0304 168 253 187 263
nike 0.0243 253 38 344 90
nike 0.0219 461 266 549 348
puma 0.0434 319 253 336 267
puma 0.0402 194 186 227 212
puma 0.0345 153 149 177 171
puma 0.0322 489 181 506 198
puma 0.0314 313 249 343 265
puma 0.0279 320 254 353 262
puma 0.0279 263 173 277 182
puma 0.0274 295 213 336 236
puma 0.0257 200 177 222 203
puma 0.0236 143 127 175 160
puma 0.0236 307 215 342 247
puma 0.0226 287 216 310 232
puma 0.0217 206 192 234 208
puma 0.0215 327 162 344 176
puma 0.0215 151 153 183 166
puma 0.0202 490 194 509 215
puma 0.0201 156 235 177 249
uniqlo 0.0486 26 175 40 189
uniqlo 0.0319 7 172 27 194
uniqlo 0.0268 50 156 71 169
uniqlo 0.0221 0 99 12 142
watsons 0.0263 129 332 374 357
zara 0.0210 131 0 520 199
