anta 0.2045 619 150 664 209
anta 0.0360 631 154 679 217
anta 0.0345 419 3 703 64
anta 0.0258 631 49 724 232
anta 0.0238 328 2 725 34
hm 0.0223 96 297 185 399
hotmaxx 0.0387 143 50 388 151
huawei 0.0314 131 76 375 245
huawei 0.0261 370 6 600 91
huawei 0.0257 205 52 392 150
huawei 0.0238 96 35 349 151
huawei 0.0206 15 20 91 46
huawei 0.0205 0 4 142 91
kfc 0.0203 266 259 319 281
lining 0.0222 3 5 130 17
lining 0.0205 168 150 249 181
mcdonalds 0.0236 129 315 163 361
mcdonalds 0.0231 271 60 318 110
naixue 0.2617 154 165 276 225
naixue 0.0551 222 171 268 215
naixue 0.0506 528 236 577 262
naixue 0.0457 163 157 209 214
naixue 0.0406 192 182 307 276
naixue 0.0209 468 222 485 242
nike 0.0292 631 154 679 217
nike 0.0200 575 6 725 91
puma 0.0454 626 152 725 326
puma 0.0421 69 320 88 337
puma 0.0327 126 275 152 296
puma 0.0321 212 404 246 421
puma 0.0283 629 153 683 221
puma 0.0248 203 406 232 432
puma 0.0247 651 242 674 265
puma 0.0237 654 191 725 414
puma 0.0237 38 0 167 95
puma 0.0229 473 278 486 302
puma 0.0224 124 302 156 333
puma 0.0223 0 3 89 153
puma 0.0214 74 432 98 444
puma 0.0212 560 321 584 339
watsons 0.0206 168 177 332 283
zara 0.0261 152 0 694 304
zara 0.0203 24 123 49 136
