adidas 0.0261 48 160 79 175
anta 0.9555 551 130 661 192
anta 0.0399 567 144 667 218
anta 0.0291 0 4 234 46
anta 0.0254 249 1 728 28
apple 0.0257 0 87 386 494
apple 0.0213 313 221 728 525
hotmaxx 0.0674 640 284 714 316
huawei 0.0488 94 115 217 155
huawei 0.0269 460 272 494 297
huawei 0.0230 92 137 213 157
kfc 0.0542 127 334 148 353
kfc 0.0313 127 323 153 341
kfc 0.0296 87 282 113 319
kfc 0.0282 344 346 381 386
kfc 0.0249 311 251 330 268
kfc 0.0238 5 194 25 253
lining 0.0314 350 239 407 254
lining 0.0234 660 229 714 260
lining 0.0209 640 519 728 541
mcdonalds 0.0270 278 197 297 210
mcdonalds 0.0241 288 211 312 227
mcdonalds 0.0230 379 501 428 538
mcdonalds 0.0211 323 522 468 546
mcdonalds 0.0210 86 382 102 410
mcdonalds 0.0209 408 207 428 224
mcdonalds 0.0206 311 215 331 231
mi 0.0241 644 269 723 336
mi 0.0233 655 262 708 297
naixue 0.0203 0 251 57 478
nike 0.0494 602 122 709 195
nike 0.0323 638 143 680 195
nike 0.0213 676 145 709 175
nike 0.0207 149 265 657 546
nike 0.0203 587 127 654 188
oppo 0.0262 591 512 728 538
puma 0.0497 546 123 667 189
puma 0.0451 75 232 112 257
puma 0.0353 196 235 221 256
puma 0.0313 178 294 195 307
puma 0.0304 640 140 692 184
puma 0.0289 175 296 193 317
puma 0.0265 602 150 652 198
puma 0.0254 80 246 113 273
puma 0.0252 397 247 417 262
puma 0.0249 539 354 571 386
puma 0.0214 113 379 130 392
puma 0.0214 50 227 92 255
puma 0.0208 289 274 310 295
puma 0.0207 90 324 109 345
puma 0.0207 72 350 93 366
puma 0.0207 285 301 305 320
puma 0.0204 446 266 465 286
puma 0.0202 296 268 315 282
puma 0.0201 138 380 167 391
puma 0.0200 37 232 75 266
puma 0.0200 463 382 481 391
vivo 0.0221 683 409 710 426
watsons 0.0230 591 512 728 538
watsons 0.0223 114 144 397 178
watsons 0.0210 684 508 728 535
watsons 0.0207 640 519 728 541
zara 0.0327 136 0 709 283
