adidas 0.0375 401 96 430 120
adidas 0.0362 47 213 159 306
adidas 0.0307 248 181 322 278
adidas 0.0271 192 177 369 267
adidas 0.0231 433 197 516 286
adidas 0.0225 81 216 244 310
adidas 0.0214 378 191 403 213
adidas 0.0212 376 81 464 121
adidas 0.0203 171 174 270 267
adidas 0.0201 391 191 555 298
apple 0.0254 282 76 640 338
coco 0.0507 418 12 477 81
coco 0.0443 443 23 511 113
coco 0.0273 573 12 628 152
coco 0.0261 503 14 639 152
hm 0.0279 0 0 640 351
hotmaxx 0.0446 113 0 640 286
huawei 0.0238 256 33 463 77
huawei 0.0236 187 34 407 72
huawei 0.0234 113 0 640 286
kfc 0.0637 600 0 632 77
kfc 0.0289 589 18 633 42
kfc 0.0282 613 107 640 180
kfc 0.0244 573 12 628 152
kfc 0.0237 377 216 409 245
lining 0.0250 342 299 385 307
lining 0.0243 412 293 432 302
lining 0.0203 346 304 371 313
mcdonalds 0.0438 503 14 639 152
mcdonalds 0.0417 573 12 628 152
mcdonalds 0.0293 511 240 535 269
mcdonalds 0.0261 282 76 640 338
mcdonalds 0.0259 451 330 531 351
mcdonalds 0.0226 339 207 358 224
mi 0.0373 445 29 516 125
mi 0.0344 493 13 640 142
mi 0.0257 573 12 628 152
naixue 0.0335 311 24 394 104
naixue 0.0319 407 115 429 138
naixue 0.0298 436 118 463 139
naixue 0.0294 381 7 459 93
naixue 0.0289 615 118 639 199
naixue 0.0218 443 136 462 161
naixue 0.0201 441 6 514 100
nike 0.0309 69 235 115 266
nike 0.0245 194 30 398 75
puma 0.0709 352 138 521 251
puma 0.0501 80 280 107 293
puma 0.0495 357 128 441 185
puma 0.0493 415 152 501 247
puma 0.0468 341 194 357 207
puma 0.0462 71 277 100 298
puma 0.0448 376 130 464 222
puma 0.0437 76 264 98 283
puma 0.0426 277 118 639 348
puma 0.0423 375 137 410 180
puma 0.0419 108 287 122 302
puma 0.0414 391 137 438 183
puma 0.0349 339 174 368 191
puma 0.0321 470 196 504 246
puma 0.0319 344 188 369 205
puma 0.0300 74 284 97 302
puma 0.0295 0 5 28 35
puma 0.0294 103 280 127 294
puma 0.0289 313 179 329 195
puma 0.0284 173 286 204 314
puma 0.0280 101 41 123 77
puma 0.0279 371 126 409 165
puma 0.0278 98 26 127 72
puma 0.0271 378 191 403 213
puma 0.0260 35 134 514 351
puma 0.0260 326 316 351 330
puma 0.0255 402 16 616 308
puma 0.0247 75 84 98 122
puma 0.0242 18 312 43 331
puma 0.0241 569 125 601 154
puma 0.0232 449 197 481 229
puma 0.0228 504 216 532 251
puma 0.0224 207 47 234 61
puma 0.0223 102 255 127 279
puma 0.0220 521 241 544 256
puma 0.0218 34 311 76 328
puma 0.0214 564 242 588 257
puma 0.0213 73 100 97 137
puma 0.0209 180 278 245 296
puma 0.0209 44 238 124 296
puma 0.0207 575 146 595 179
puma 0.0206 175 3 281 63
uniqlo 0.0339 503 14 639 152
uniqlo 0.0291 0 0 640 351
uniqlo 0.0206 615 118 639 199
vivo 0.0215 193 319 233 335
watsons 0.0202 167 1 489 24
zara 0.0308 169 93 208 104
zara 0.0278 132 0 640 225
