adidas 0.2471 730 241 883 302
adidas 0.0355 744 255 881 333
adidas 0.0300 492 213 565 236
adidas 0.0236 759 250 853 292
anta 0.4759 483 230 589 288
anta 0.0765 445 238 636 303
anta 0.0241 499 230 698 308
anta 0.0224 333 325 362 340
anta 0.0204 930 263 957 346
apple 0.0380 442 210 960 539
apple 0.0284 0 151 566 540
hotmaxx 0.0741 355 347 516 365
hotmaxx 0.0375 394 352 477 368
hotmaxx 0.0287 652 1 960 11
hotmaxx 0.0233 728 367 834 385
huawei 0.0825 255 258 430 284
huawei 0.0582 728 278 865 310
huawei 0.0207 810 3 958 74
kfc 0.0396 321 481 378 511
kfc 0.0336 561 488 610 511
kfc 0.0325 857 415 899 470
kfc 0.0324 639 490 672 511
kfc 0.0321 300 475 365 522
kfc 0.0300 619 497 658 521
kfc 0.0259 614 505 651 528
kfc 0.0248 643 407 676 422
kfc 0.0219 288 479 320 505
kfc 0.0210 554 483 610 524
lining 0.0488 740 241 850 264
mcdonalds 0.0363 110 167 157 192
mcdonalds 0.0250 713 373 748 399
mcdonalds 0.0248 673 392 705 414
mcdonalds 0.0227 776 404 813 417
mcdonalds 0.0214 284 422 307 461
mcdonalds 0.0212 767 407 805 422
mcdonalds 0.0202 713 357 767 386
naixue 0.0359 631 32 671 63
nike 0.0416 740 241 850 264
nike 0.0355 480 229 586 292
nike 0.0266 210 256 883 540
nike 0.0223 651 44 941 118
nike 0.0206 178 0 947 297
oppo 0.0226 355 347 516 365
puma 0.0612 478 223 591 290
puma 0.0407 713 357 767 386
puma 0.0405 334 90 397 107
puma 0.0392 289 414 311 446
puma 0.0372 687 366 741 385
puma 0.0367 726 243 880 297
puma 0.0325 298 410 334 442
puma 0.0314 163 428 197 449
puma 0.0297 110 427 156 457
puma 0.0292 630 85 674 112
puma 0.0292 158 410 184 430
puma 0.0284 743 366 813 389
puma 0.0277 157 416 176 440
puma 0.0254 740 261 850 299
puma 0.0247 621 84 663 121
puma 0.0245 1 2 89 145
puma 0.0237 600 427 620 445
puma 0.0235 64 0 232 114
puma 0.0232 119 413 151 434
puma 0.0231 240 430 265 448
puma 0.0229 761 381 803 401
puma 0.0229 704 357 744 376
puma 0.0228 931 237 957 313
puma 0.0223 713 373 748 399
puma 0.0221 264 319 299 335
puma 0.0221 607 95 638 113
puma 0.0218 214 364 242 388
puma 0.0211 207 381 238 407
puma 0.0204 121 405 158 422
puma 0.0201 120 419 152 446
puma 0.0200 631 434 655 454
starburks 0.0794 920 108 960 218
uniqlo 0.0342 526 510 649 538
watsons 0.0630 446 384 509 392
zara 0.0757 255 258 430 284
zara 0.0288 76 433 138 458
zara 0.0267 178 0 947 297
zara 0.0250 73 405 130 420
