adidas 0.0347 505 517 553 550
anta 0.8560 533 182 807 305
anta 0.1450 521 153 764 264
anta 0.0256 686 181 759 268
anta 0.0254 595 152 980 300
anta 0.0236 656 23 1018 266
apple 0.0379 463 285 1024 754
apple 0.0285 162 93 337 289
coco 0.0939 309 486 369 565
huawei 0.0380 4 243 332 319
huawei 0.0347 326 620 385 639
huawei 0.0346 281 623 342 635
huawei 0.0344 11 284 313 378
huawei 0.0295 40 37 162 72
huawei 0.0234 0 127 301 220
huawei 0.0221 47 44 133 85
huawei 0.0207 93 82 442 157
kfc 0.0466 750 535 810 620
kfc 0.0323 650 480 717 518
kfc 0.0241 640 476 689 518
kfc 0.0200 644 466 680 503
lining 0.0784 517 155 751 217
lining 0.0259 28 338 73 356
lining 0.0201 615 152 776 267
mcdonalds 0.0381 648 463 686 496
mcdonalds 0.0368 276 445 324 470
mcdonalds 0.0217 331 445 366 471
mcdonalds 0.0216 592 459 649 499
mcdonalds 0.0203 287 484 329 510
mi 0.0516 750 535 810 620
nike 0.0389 356 517 729 615
nike 0.0344 529 154 785 275
oppo 0.0242 886 211 980 241
puma 0.0339 508 519 542 542
puma 0.0337 432 529 460 555
puma 0.0327 654 459 701 485
puma 0.0263 607 455 654 488
puma 0.0260 529 515 566 541
puma 0.0257 822 523 846 547
puma 0.0244 305 497 437 651
puma 0.0241 563 486 609 518
puma 0.0237 534 496 581 530
puma 0.0229 568 457 618 478
puma 0.0226 375 520 443 574
puma 0.0223 502 524 554 549
puma 0.0222 713 480 738 506
puma 0.0221 421 525 477 561
puma 0.0213 205 526 241 552
puma 0.0212 648 463 686 496
puma 0.0205 592 459 649 499
puma 0.0202 661 538 699 568
uniqlo 0.1070 750 535 810 620
zara 0.0300 168 0 1011 413
zara 0.0205 18 499 60 520
