adidas 0.0323 83 218 137 235
anta 0.9792 938 100 1144 213
anta 0.0261 926 70 1111 159
anta 0.0238 0 5 400 52
anta 0.0221 914 59 1215 231
apple 0.0313 0 183 693 625
apple 0.0230 544 245 1233 610
huawei 0.0948 202 165 597 208
huawei 0.0431 571 4 871 22
huawei 0.0248 694 5 1101 21
huawei 0.0244 162 145 359 207
huawei 0.0223 11 432 401 499
kfc 0.0270 509 466 548 486
lining 0.0941 945 75 1108 113
lining 0.0258 11 603 112 623
lining 0.0221 147 257 198 269
lining 0.0204 710 591 781 617
mcdonalds 0.0405 150 131 199 153
mcdonalds 0.0252 332 95 383 118
mcdonalds 0.0227 419 383 454 407
naixue 0.0313 1089 271 1194 354
nike 0.0451 69 567 142 608
nike 0.0275 1095 105 1223 193
nike 0.0272 958 95 1203 217
nike 0.0261 1136 131 1200 171
nike 0.0233 110 573 224 594
puma 0.0790 905 66 1144 186
puma 0.0520 810 315 849 341
puma 0.0417 819 315 869 343
puma 0.0342 935 87 1092 160
puma 0.0282 958 95 1203 217
puma 0.0274 680 400 734 422
puma 0.0259 725 332 758 350
puma 0.0253 621 413 666 436
puma 0.0238 667 342 691 353
puma 0.0235 841 315 880 347
puma 0.0234 116 436 163 456
puma 0.0230 628 409 671 430
puma 0.0230 650 404 698 432
puma 0.0224 106 166 163 194
puma 0.0222 416 339 468 360
puma 0.0220 453 435 476 448
puma 0.0217 815 323 866 355
puma 0.0217 550 317 578 332
puma 0.0217 605 336 663 361
puma 0.0210 148 292 182 308
puma 0.0201 249 374 297 391
uniqlo 0.0265 521 464 572 497
uniqlo 0.0233 509 466 548 486
zara 0.0383 211 0 1233 332
