anta 0.7788 310 167 483 282
anta 0.4770 329 210 496 324
anta 0.0592 375 180 467 286
anta 0.0289 563 0 719 12
anta 0.0219 389 4 626 98
hotmaxx 0.0244 124 559 223 607
huawei 0.0446 211 50 368 110
huawei 0.0266 432 879 594 956
huawei 0.0260 419 714 473 737
huawei 0.0245 132 617 187 637
huawei 0.0214 121 561 202 602
kfc 0.0327 147 724 177 744
kfc 0.0291 314 711 351 750
kfc 0.0262 133 715 168 749
kfc 0.0225 626 732 648 768
kfc 0.0215 183 722 214 744
kfc 0.0208 131 729 156 759
lining 0.0754 297 821 402 872
lining 0.0581 341 161 472 283
lining 0.0388 300 843 336 877
lining 0.0341 349 3 505 17
lining 0.0274 302 771 564 866
lining 0.0233 0 920 73 950
lining 0.0222 303 515 343 538
lining 0.0211 472 1 632 17
lining 0.0202 75 413 160 446
nike 0.0358 366 647 641 765
nike 0.0201 310 769 361 796
puma 0.0552 131 656 170 686
puma 0.0439 544 761 562 791
puma 0.0431 105 665 144 690
puma 0.0406 108 668 134 706
puma 0.0309 118 654 160 698
puma 0.0274 593 621 616 693
puma 0.0259 124 673 159 719
puma 0.0245 678 3 775 60
puma 0.0245 101 690 125 724
puma 0.0229 603 755 637 776
puma 0.0227 192 659 220 684
puma 0.0223 169 656 195 679
puma 0.0222 414 664 459 714
puma 0.0214 396 578 420 610
puma 0.0212 469 409 509 441
puma 0.0208 510 745 528 774
puma 0.0208 97 641 120 666
puma 0.0202 563 759 586 788
puma 0.0201 169 630 202 657
vivo 0.0272 741 573 770 601
watsons 0.0371 355 878 649 953
watsons 0.0275 281 861 592 941
watsons 0.0241 126 857 466 935
zara 0.0836 121 561 202 602
zara 0.0214 156 0 764 511
