adidas 0.0654 462 342 520 378
adidas 0.0529 491 478 549 526
adidas 0.0455 0 439 410 582
adidas 0.0284 332 364 367 399
adidas 0.0267 622 398 788 527
adidas 0.0252 417 49 465 82
adidas 0.0245 432 482 629 591
adidas 0.0223 483 486 527 524
adidas 0.0222 685 540 724 571
adidas 0.0217 426 59 470 87
adidas 0.0212 134 438 369 677
adidas 0.0211 587 549 609 574
anta 0.9175 6 125 157 236
anta 0.1474 34 144 227 252
anta 0.0444 4 38 199 251
anta 0.0380 0 0 249 56
anta 0.0379 35 153 151 220
anta 0.0339 11 19 110 279
anta 0.0239 17 0 402 44
anta 0.0224 610 399 652 436
anta 0.0208 7 4 97 28
anta 0.0205 130 137 333 252
anta 0.0200 0 0 140 94
apple 0.0310 531 399 731 526
coco 0.0425 411 127 473 192
coco 0.0201 404 75 506 193
hotmaxx 0.0608 178 0 960 420
huawei 0.0779 368 67 923 232
huawei 0.0240 215 187 362 210
huawei 0.0229 200 358 253 382
huawei 0.0226 597 561 621 579
lining 0.0284 2 111 136 224
lining 0.0224 127 275 166 292
lining 0.0212 30 97 107 133
lining 0.0209 462 264 494 279
naixue 0.0256 368 67 923 232
naixue 0.0242 131 631 417 716
naixue 0.0233 9 500 84 720
naixue 0.0229 733 61 942 170
naixue 0.0226 119 521 459 720
naixue 0.0223 826 29 947 204
nike 0.0400 0 149 213 254
nike 0.0323 35 166 145 223
nike 0.0312 24 125 150 218
puma 0.0557 487 463 539 512
puma 0.0461 337 367 366 392
puma 0.0426 97 399 127 443
puma 0.0423 626 413 733 527
puma 0.0412 682 460 725 485
puma 0.0403 668 465 702 505
puma 0.0399 91 405 124 472
puma 0.0308 663 456 715 491
puma 0.0304 703 413 764 464
puma 0.0303 493 470 530 497
puma 0.0295 24 125 150 218
puma 0.0278 712 473 746 505
puma 0.0275 184 353 216 375
puma 0.0255 362 352 405 375
puma 0.0250 477 384 528 405
puma 0.0233 676 415 783 520
puma 0.0230 190 349 233 366
puma 0.0221 496 481 543 525
puma 0.0219 658 417 718 462
puma 0.0206 209 481 240 512
starburks 0.0212 335 370 361 400
vivo 0.0266 388 287 419 307
vivo 0.0210 199 321 228 337
vivo 0.0201 616 307 651 326
watsons 0.0455 368 67 923 232
watsons 0.0255 0 0 960 515
watsons 0.0210 474 575 528 588
