adidas 0.0240 7 660 47 692
anta 0.0828 212 264 525 488
anta 0.0359 113 262 394 513
anta 0.0268 10 238 315 506
anta 0.0243 366 0 525 76
anta 0.0237 441 526 525 603
anta 0.0222 273 313 299 397
anta 0.0217 0 1 264 44
anta 0.0203 281 1 525 39
apple 0.8783 129 179 319 439
apple 0.2706 150 216 383 514
apple 0.1120 351 217 399 285
apple 0.0393 94 220 215 416
apple 0.0381 382 248 420 295
apple 0.0360 216 212 525 632
apple 0.0344 147 200 302 302
apple 0.0332 455 221 484 247
apple 0.0329 385 233 415 267
apple 0.0295 382 226 433 251
apple 0.0268 105 227 170 406
apple 0.0258 1 214 105 388
apple 0.0232 451 216 476 262
apple 0.0228 415 229 441 262
apple 0.0225 249 200 305 441
apple 0.0212 0 191 299 699
apple 0.0212 214 155 257 210
hotmaxx 0.0419 94 0 525 472
huawei 0.0368 139 4 525 211
huawei 0.0266 1 2 170 117
huawei 0.0251 94 0 525 472
huawei 0.0237 307 416 347 437
huawei 0.0214 103 9 284 106
huawei 0.0208 71 2 398 37
huawei 0.0204 369 338 402 351
lining 0.0353 222 620 254 637
lining 0.0332 232 223 285 259
lining 0.0235 224 610 261 623
mcdonalds 0.0212 463 643 497 689
nike 0.0379 117 328 318 424
nike 0.0285 448 523 509 566
nike 0.0278 369 333 515 430
nike 0.0276 110 213 338 423
nike 0.0260 420 590 433 604
nike 0.0246 311 331 469 434
nike 0.0213 441 526 525 603
nike 0.0209 38 481 117 520
nike 0.0207 0 334 115 422
nike 0.0205 402 565 430 579
nike 0.0201 397 392 507 512
oppo 0.0395 57 625 164 674
oppo 0.0315 462 417 505 440
oppo 0.0312 406 305 468 327
oppo 0.0281 77 628 286 696
oppo 0.0206 463 119 506 145
puma 0.0497 445 535 508 579
puma 0.0433 441 526 525 603
puma 0.0241 218 531 248 556
puma 0.0202 207 513 257 547
zara 0.0630 99 0 518 390
zara 0.0301 372 196 438 215
