adidas 0.0210 0 47 39 171
anta 0.0263 284 0 444 30
anta 0.0242 0 1 227 18
anta 0.0215 370 47 400 70
anta 0.0208 346 0 479 32
anta 0.0204 0 0 152 34
apple 0.1345 88 151 118 179
apple 0.0565 283 98 334 152
apple 0.0467 228 113 246 134
apple 0.0456 229 98 252 110
apple 0.0443 89 144 135 186
apple 0.0431 258 100 273 114
apple 0.0419 278 179 292 191
apple 0.0387 228 103 244 114
apple 0.0354 118 93 244 177
apple 0.0336 228 124 248 151
apple 0.0321 175 103 240 164
apple 0.0277 285 102 302 116
apple 0.0242 83 101 153 187
apple 0.0236 279 113 320 154
apple 0.0234 256 123 275 149
apple 0.0222 0 64 83 142
apple 0.0219 66 74 197 146
apple 0.0214 188 116 220 151
apple 0.0213 279 109 306 135
apple 0.0210 288 97 308 109
apple 0.0205 306 96 326 111
hotmaxx 0.0535 77 0 479 206
huawei 0.0673 193 156 216 163
huawei 0.0351 206 157 235 163
huawei 0.0237 284 158 321 164
huawei 0.0235 77 0 479 206
huawei 0.0235 101 0 455 12
huawei 0.0229 195 85 237 90
huawei 0.0225 116 205 290 234
huawei 0.0204 189 172 211 180
kfc 0.0200 0 37 243 259
nike 0.0205 99 105 479 294
oppo 0.0207 253 17 337 27
oppo 0.0206 56 0 409 12
puma 0.2414 369 72 474 148
puma 0.1011 388 79 456 128
puma 0.0627 397 97 434 127
puma 0.0539 416 69 474 160
puma 0.0492 377 54 443 137
puma 0.0473 401 83 436 115
puma 0.0391 378 124 402 141
puma 0.0368 49 109 70 132
puma 0.0356 193 95 479 196
puma 0.0308 183 113 479 282
puma 0.0296 48 92 66 117
puma 0.0280 366 88 432 142
puma 0.0277 361 102 418 151
puma 0.0274 276 109 448 151
puma 0.0245 1 0 41 74
puma 0.0238 306 96 326 111
puma 0.0238 30 106 51 123
puma 0.0226 381 102 416 130
puma 0.0212 25 0 120 52
watsons 0.0359 169 268 363 287
watsons 0.0215 142 265 305 290
zara 0.0491 91 0 477 165
zara 0.0346 146 203 319 235
zara 0.0325 170 97 208 108
zara 0.0272 159 84 187 90
zara 0.0263 176 84 212 90
zara 0.0226 167 208 186 216
zara 0.0225 183 113 479 282
zara 0.0224 210 91 479 200
zara 0.0222 195 85 237 90
