adidas 0.0455 639 189 720 323
adidas 0.0268 462 383 484 401
adidas 0.0246 551 6 701 49
adidas 0.0224 565 293 680 389
adidas 0.0220 0 324 314 425
adidas 0.0203 117 427 177 457
anta 0.0292 303 162 344 187
anta 0.0232 93 2 547 32
anta 0.0211 132 0 384 59
anta 0.0210 603 348 648 372
apple 0.0322 350 243 383 269
apple 0.0245 276 65 303 96
apple 0.0243 0 152 401 531
huawei 0.0378 109 347 171 362
huawei 0.0283 323 207 364 214
huawei 0.0271 582 0 720 92
huawei 0.0259 343 204 410 212
huawei 0.0254 171 342 218 360
huawei 0.0210 192 333 245 362
huawei 0.0204 111 343 148 366
lining 0.0349 308 363 347 379
lining 0.0248 118 104 170 115
lining 0.0202 496 290 530 301
naixue 0.0398 651 426 713 523
naixue 0.0282 141 442 188 489
naixue 0.0234 147 442 369 540
naixue 0.0214 195 301 265 347
nike 0.0530 279 56 534 117
nike 0.0281 393 54 664 108
nike 0.0212 574 300 625 341
oppo 0.0211 78 271 207 335
puma 0.0211 604 417 627 432
puma 0.0209 80 299 113 337
puma 0.0208 138 6 192 26
puma 0.0206 0 2 65 124
puma 0.0202 416 423 439 443
vivo 0.4139 322 168 537 204
vivo 0.2694 306 151 505 183
watsons 0.0208 141 374 369 433
zara 0.0741 316 167 536 205
zara 0.0283 362 364 415 381
zara 0.0268 286 365 331 387
zara 0.0241 385 0 547 7
zara 0.0211 338 437 376 456
