adidas 0.0378 576 362 730 500
adidas 0.0347 595 344 861 533
adidas 0.0322 668 360 806 530
adidas 0.0312 538 332 767 539
adidas 0.0253 583 328 630 360
adidas 0.0246 672 36 831 183
adidas 0.0225 93 503 121 519
adidas 0.0213 483 149 609 325
adidas 0.0211 201 239 308 352
adidas 0.0209 589 321 646 350
anta 0.0265 0 3 288 55
anta 0.0205 71 591 131 636
apple 0.0320 467 93 531 177
apple 0.0257 636 379 671 426
apple 0.0247 445 210 1000 666
apple 0.0234 0 60 529 591
apple 0.0232 451 286 667 468
huawei 0.0221 637 224 811 310
huawei 0.0205 0 330 267 395
huawei 0.0200 117 212 180 258
mcdonalds 0.0386 559 615 649 666
mi 0.0257 570 598 635 661
naixue 0.0766 398 462 515 567
naixue 0.0396 400 273 518 477
naixue 0.0365 265 291 330 359
naixue 0.0346 580 368 630 439
naixue 0.0322 423 494 477 541
naixue 0.0311 289 253 406 481
naixue 0.0311 474 340 533 407
naixue 0.0289 791 87 927 244
naixue 0.0275 269 488 315 541
naixue 0.0262 268 225 396 386
naixue 0.0254 478 502 520 536
naixue 0.0251 532 263 565 293
naixue 0.0243 259 269 326 333
naixue 0.0237 691 385 732 433
naixue 0.0221 276 460 320 500
naixue 0.0215 577 407 631 454
naixue 0.0214 911 13 999 247
naixue 0.0211 377 458 405 505
naixue 0.0209 689 416 728 462
naixue 0.0204 271 466 308 509
naixue 0.0204 587 351 630 414
nike 0.0542 629 264 840 334
nike 0.0210 637 224 811 310
puma 0.0479 587 351 630 414
puma 0.0290 254 235 322 298
puma 0.0273 4 3 95 158
puma 0.0265 488 296 528 330
puma 0.0265 91 15 223 146
puma 0.0255 640 370 667 405
puma 0.0213 476 320 525 366
watsons 0.0270 157 2 703 36
watsons 0.0210 185 5 535 63
zara 0.0448 212 0 977 371
zara 0.0220 711 468 743 482
