adidas 0.0524 259 98 416 204
adidas 0.0366 85 193 103 200
adidas 0.0310 285 100 370 196
adidas 0.0254 104 114 303 208
adidas 0.0247 185 104 363 204
adidas 0.0240 365 100 557 176
adidas 0.0218 415 98 498 170
adidas 0.0202 75 194 94 205
anta 0.0450 0 1 282 24
anta 0.0323 0 1 196 43
anta 0.0221 84 107 136 125
anta 0.0209 494 280 600 331
anta 0.0208 0 4 48 125
anta 0.0205 173 1 381 35
anta 0.0200 418 0 600 39
apple 0.5265 287 89 322 136
apple 0.0514 385 107 421 119
apple 0.0342 226 137 257 156
apple 0.0332 341 137 384 156
apple 0.0321 253 137 278 159
apple 0.0311 222 85 317 150
apple 0.0297 285 100 370 196
apple 0.0295 305 100 332 126
apple 0.0290 400 100 433 114
apple 0.0288 308 96 349 111
apple 0.0277 407 109 428 120
apple 0.0269 196 93 356 176
apple 0.0265 346 152 372 166
apple 0.0261 291 84 360 134
apple 0.0254 309 110 338 130
apple 0.0240 284 120 315 151
apple 0.0239 222 116 242 125
apple 0.0214 286 95 320 116
apple 0.0213 296 90 353 173
apple 0.0207 375 108 421 125
hotmaxx 0.0250 129 0 600 217
huawei 0.0294 455 141 592 237
huawei 0.0276 261 213 503 246
kfc 0.0325 502 161 537 207
kfc 0.0319 509 168 557 189
lining 0.0591 76 106 139 117
naixue 0.0203 413 144 486 236
nike 0.0487 212 147 275 164
nike 0.0258 378 105 417 114
nike 0.0204 346 149 378 166
puma 0.0265 97 159 119 175
puma 0.0257 98 146 118 158
puma 0.0223 75 180 90 194
puma 0.0207 87 109 144 121
uniqlo 0.0227 78 162 91 176
watsons 0.0414 191 194 225 201
watsons 0.0386 286 196 326 202
watsons 0.0341 443 193 476 203
watsons 0.0286 318 197 350 203
watsons 0.0263 415 196 460 203
zara 0.0417 146 0 573 190
zara 0.0332 17 171 41 183
zara 0.0315 362 198 391 203
zara 0.0246 260 186 277 194
