anta 0.0406 225 1 394 39
anta 0.0286 203 0 513 18
anta 0.0266 119 3 278 40
anta 0.0243 163 1 337 38
apple 0.1307 195 72 234 117
apple 0.1118 272 138 321 190
apple 0.0485 254 258 287 309
apple 0.0479 290 142 394 217
apple 0.0427 308 97 393 208
apple 0.0352 276 159 320 198
apple 0.0310 132 73 265 212
apple 0.0238 139 80 259 133
apple 0.0234 0 40 116 153
coco 0.0559 200 70 230 99
coco 0.0300 195 72 234 117
hotmaxx 0.0425 89 0 540 287
huawei 0.0200 198 134 234 144
kfc 0.0311 83 345 123 360
kfc 0.0286 46 339 68 357
kfc 0.0277 276 382 330 403
kfc 0.0266 76 342 98 355
kfc 0.0235 397 381 429 401
kfc 0.0215 374 371 398 390
lining 0.0205 292 332 324 341
mcdonalds 0.0224 144 87 166 115
naixue 0.0293 2 273 46 405
nike 0.0298 94 297 120 308
nike 0.0283 44 214 93 233
nike 0.0272 461 71 496 85
nike 0.0203 437 91 475 109
puma 0.0514 251 259 288 314
puma 0.0382 192 131 238 150
puma 0.0257 453 115 484 132
puma 0.0253 236 270 275 303
puma 0.0241 256 266 286 289
puma 0.0234 40 169 66 183
puma 0.0222 516 246 534 302
puma 0.0205 395 263 416 283
puma 0.0203 375 71 389 89
puma 0.0200 57 88 92 115
vivo 0.0220 506 259 533 275
vivo 0.0211 299 378 345 403
zara 0.0349 114 0 521 236
