adidas 0.0406 317 158 402 280
adidas 0.0341 316 313 353 333
adidas 0.0258 447 190 546 294
anta 0.0289 562 10 656 129
apple 0.2005 314 133 352 185
apple 0.0471 319 128 387 194
apple 0.0384 272 121 337 193
apple 0.0376 422 163 461 192
apple 0.0367 334 112 427 201
apple 0.0329 123 73 226 214
apple 0.0328 227 51 248 70
apple 0.0326 97 17 253 130
apple 0.0295 276 112 657 428
apple 0.0294 0 97 371 435
apple 0.0292 322 141 366 188
apple 0.0267 89 47 338 218
apple 0.0260 227 134 382 249
apple 0.0234 320 136 383 243
coco 0.0318 393 113 473 190
huawei 0.0302 102 1 303 6
huawei 0.0269 144 57 193 64
huawei 0.0253 0 214 167 264
huawei 0.0244 261 302 448 384
huawei 0.0220 456 25 497 47
mcdonalds 0.0433 460 337 553 394
mcdonalds 0.0267 172 364 199 379
mcdonalds 0.0246 584 402 625 433
mcdonalds 0.0227 223 367 234 378
mcdonalds 0.0218 162 375 206 395
mcdonalds 0.0216 141 331 245 396
mcdonalds 0.0209 168 417 220 438
naixue 0.1001 285 305 375 357
naixue 0.0395 416 249 450 290
naixue 0.0385 315 313 364 339
naixue 0.0316 153 239 172 266
naixue 0.0260 270 302 440 408
naixue 0.0249 384 197 421 237
naixue 0.0236 0 20 57 220
naixue 0.0236 449 142 479 174
naixue 0.0213 257 302 346 402
naixue 0.0201 418 281 439 306
nike 0.0232 129 0 657 311
oppo 0.0514 211 394 246 424
puma 0.0314 129 0 657 311
puma 0.0258 386 323 406 340
puma 0.0254 261 312 277 331
puma 0.0245 581 6 653 116
puma 0.0220 567 0 638 28
puma 0.0214 63 8 141 105
watsons 0.0239 61 1 397 24
watsons 0.0235 330 371 392 385
zara 0.0488 129 0 657 311
