adidas 0.0317 716 255 787 298
adidas 0.0269 263 170 403 357
adidas 0.0258 269 539 297 565
adidas 0.0219 65 147 230 343
adidas 0.0205 96 183 155 230
anta 0.0500 370 2 677 77
anta 0.0365 517 0 750 74
anta 0.0331 330 2 819 43
anta 0.0328 574 0 872 76
anta 0.0286 254 19 673 235
anta 0.0222 552 0 960 45
anta 0.0216 611 247 642 283
apple 0.6453 591 104 650 207
apple 0.1961 549 91 639 212
apple 0.0208 49 100 239 243
apple 0.0203 362 595 512 720
coco 0.0255 585 86 658 218
huawei 0.0504 711 261 810 299
huawei 0.0432 407 271 500 293
huawei 0.0305 352 241 423 267
huawei 0.0301 350 254 416 277
huawei 0.0252 451 279 527 305
huawei 0.0244 0 214 300 277
huawei 0.0234 12 4 143 43
huawei 0.0228 596 309 675 336
huawei 0.0222 413 245 460 268
huawei 0.0209 290 245 356 275
huawei 0.0202 330 258 434 287
kfc 0.0646 838 218 950 334
kfc 0.0270 240 231 322 274
kfc 0.0212 867 387 920 414
lining 0.0642 255 317 331 340
lining 0.0494 263 325 318 346
lining 0.0418 47 327 107 356
lining 0.0332 296 335 352 354
lining 0.0316 306 289 356 314
lining 0.0249 265 298 306 316
lining 0.0219 293 318 365 338
lining 0.0219 22 317 77 337
lining 0.0212 572 308 639 337
lining 0.0209 617 287 654 321
mcdonalds 0.0540 879 30 953 156
mcdonalds 0.0264 824 401 842 425
mcdonalds 0.0258 212 406 239 435
mcdonalds 0.0243 0 559 80 698
mcdonalds 0.0228 827 441 848 482
mcdonalds 0.0227 216 402 256 429
mcdonalds 0.0208 162 482 225 537
mcdonalds 0.0206 858 65 909 138
mi 0.0210 428 449 458 492
naixue 0.0422 841 219 940 336
naixue 0.0369 507 315 551 344
nike 0.0760 245 140 604 225
nike 0.0334 153 570 211 598
nike 0.0281 716 117 932 244
nike 0.0245 505 253 553 275
nike 0.0244 174 133 670 270
nike 0.0212 389 135 677 236
nike 0.0202 182 77 511 159
puma 0.0384 601 485 638 505
puma 0.0353 584 478 619 502
puma 0.0344 726 425 755 462
puma 0.0342 508 458 531 481
puma 0.0312 51 359 115 413
puma 0.0306 300 357 347 386
puma 0.0295 258 508 281 540
puma 0.0294 729 419 761 442
puma 0.0293 533 458 560 482
puma 0.0289 487 352 514 396
puma 0.0279 570 484 598 513
puma 0.0278 518 459 550 499
puma 0.0265 614 365 653 391
puma 0.0263 0 15 35 67
puma 0.0252 725 436 747 487
puma 0.0246 508 448 541 470
puma 0.0245 274 508 303 534
puma 0.0240 585 475 632 491
puma 0.0233 728 390 761 441
puma 0.0230 2 6 100 168
puma 0.0229 724 457 747 525
puma 0.0222 288 334 351 369
puma 0.0219 396 458 431 487
puma 0.0207 459 448 486 471
uniqlo 0.0519 415 445 457 519
uniqlo 0.0321 838 229 948 332
watsons 0.0206 555 649 885 716
zara 0.0347 176 0 960 472
zara 0.0206 711 261 810 299
