adidas 0.1194 59 300 163 342
adidas 0.1031 470 296 577 346
adidas 0.0342 489 303 550 342
adidas 0.0250 555 219 640 332
adidas 0.0242 334 29 360 41
adidas 0.0240 494 232 593 327
anta 0.0288 260 3 459 44
anta 0.0274 202 4 389 45
anta 0.0267 340 7 498 54
apple 0.9091 289 85 383 189
apple 0.1665 271 77 370 155
apple 0.0343 285 115 640 413
apple 0.0277 102 109 205 196
apple 0.0237 97 372 140 402
apple 0.0205 340 380 373 403
apple 0.0204 0 109 380 427
apple 0.0203 97 167 234 286
coco 0.0410 510 13 543 35
coco 0.0272 505 5 554 24
hotmaxx 0.0449 109 0 640 294
hotmaxx 0.0261 47 297 167 344
huawei 0.0545 77 338 156 346
huawei 0.0512 485 338 555 346
huawei 0.0331 300 187 368 196
huawei 0.0319 122 3 236 13
huawei 0.0318 375 2 507 10
huawei 0.0285 187 3 291 14
huawei 0.0246 488 338 541 352
huawei 0.0245 63 338 135 349
huawei 0.0244 476 303 568 375
huawei 0.0205 489 303 550 342
kfc 0.0252 271 375 306 407
lining 0.0284 53 294 170 333
lining 0.0259 2 409 53 422
lining 0.0253 442 48 484 62
lining 0.0247 483 246 583 313
mcdonalds 0.0365 494 363 525 377
mcdonalds 0.0288 473 348 566 399
mcdonalds 0.0213 111 369 147 382
mi 0.0261 358 302 389 316
naixue 0.0716 187 3 291 14
naixue 0.0433 224 4 271 25
naixue 0.0424 269 4 360 11
naixue 0.0298 387 361 416 377
naixue 0.0220 4 281 22 340
nike 0.0275 270 325 312 338
nike 0.0238 249 297 473 340
nike 0.0217 265 323 333 335
puma 0.0265 76 3 130 28
puma 0.0262 0 19 103 105
puma 0.0241 121 202 147 217
puma 0.0235 46 4 153 80
puma 0.0228 181 318 210 334
puma 0.0204 272 328 301 341
puma 0.0202 229 316 250 331
puma 0.0200 0 8 53 148
uniqlo 0.0350 229 6 272 27
uniqlo 0.0275 222 3 305 14
vivo 0.0251 598 98 626 112
watsons 0.0285 41 3 367 31
watsons 0.0201 50 6 281 46
zara 0.0504 59 300 163 342
zara 0.0492 63 338 135 349
zara 0.0403 114 164 158 178
zara 0.0264 130 0 612 246
zara 0.0255 62 342 103 355
zara 0.0252 50 10 118 35
zara 0.0245 57 305 129 333
zara 0.0228 19 136 45 154
zara 0.0208 113 168 147 185
zara 0.0208 286 326 374 340
