anta 0.0456 230 1 462 45
anta 0.0342 383 0 629 43
anta 0.0308 316 0 536 43
anta 0.0308 194 0 593 22
anta 0.0257 358 0 760 20
anta 0.0200 2 0 339 26
apple 0.8325 378 90 460 189
apple 0.3095 351 80 437 173
apple 0.0693 375 116 446 168
apple 0.0582 188 227 238 262
apple 0.0465 164 309 281 368
apple 0.0279 187 321 248 345
apple 0.0267 303 128 760 418
apple 0.0250 0 102 430 435
apple 0.0242 184 228 219 259
apple 0.0242 355 238 389 250
apple 0.0225 588 231 628 268
apple 0.0201 361 255 383 265
huawei 0.0655 188 282 218 290
huawei 0.0490 200 249 329 309
huawei 0.0405 130 278 163 288
huawei 0.0377 236 273 317 293
huawei 0.0347 204 280 240 298
huawei 0.0313 227 272 499 368
huawei 0.0269 226 236 307 279
huawei 0.0247 241 306 460 398
huawei 0.0234 176 305 444 355
huawei 0.0214 205 225 321 290
huawei 0.0206 176 284 205 297
mcdonalds 0.0244 200 249 329 309
naixue 0.0359 489 246 524 273
naixue 0.0269 510 237 563 273
naixue 0.0254 455 265 470 278
naixue 0.0237 692 7 759 176
nike 0.0221 195 346 267 366
oppo 0.0206 205 225 321 290
puma 0.0314 484 230 544 263
puma 0.0265 3 0 65 115
puma 0.0239 374 321 420 342
puma 0.0234 481 240 521 263
puma 0.0221 191 236 238 273
watsons 0.0248 147 398 389 434
watsons 0.0231 185 401 495 429
watsons 0.0219 374 399 640 435
zara 0.1177 205 225 321 290
zara 0.0635 226 236 307 279
zara 0.0390 500 232 596 269
zara 0.0346 165 0 745 248
zara 0.0285 546 225 621 268
zara 0.0256 561 210 614 221
zara 0.0213 214 251 470 301
