adidas 0.0243 461 16 509 247
adidas 0.0224 322 102 339 164
anta 0.0418 118 9 233 88
anta 0.0364 0 2 214 49
anta 0.0338 0 1 156 84
anta 0.0294 154 2 310 75
anta 0.0233 220 7 332 93
anta 0.0228 87 1 334 45
anta 0.0204 190 3 445 43
apple 0.8543 99 131 271 371
apple 0.0466 82 188 300 446
apple 0.0228 125 62 341 465
coco 0.0225 117 154 304 445
coco 0.0219 67 129 269 386
hm 0.0295 0 0 510 680
hotmaxx 0.0361 81 0 510 495
huawei 0.0203 434 3 510 94
lining 0.0423 354 585 381 603
lining 0.0278 377 575 426 600
lining 0.0242 45 584 69 599
lining 0.0204 263 488 299 510
mcdonalds 0.0262 414 232 430 261
mcdonalds 0.0225 415 224 435 255
naixue 0.0363 0 313 157 680
nike 0.0258 349 62 510 155
nike 0.0244 191 44 267 127
puma 0.0533 45 538 68 557
puma 0.0379 318 85 340 128
puma 0.0356 351 85 381 109
puma 0.0270 350 94 368 123
puma 0.0231 357 82 388 105
puma 0.0228 31 540 50 565
puma 0.0227 71 514 92 531
puma 0.0212 432 232 444 268
puma 0.0203 67 529 80 555
starburks 0.0341 0 0 510 680
uniqlo 0.0293 0 0 510 680
zara 0.0214 107 0 486 392
