adidas 0.0269 388 247 495 391
apple 0.3452 412 206 457 288
apple 0.0527 378 218 455 294
apple 0.0360 394 235 433 285
apple 0.0268 349 152 800 507
apple 0.0251 423 165 605 312
apple 0.0239 0 58 429 469
apple 0.0231 121 113 287 254
apple 0.0204 487 158 693 314
hotmaxx 0.0237 152 401 191 410
huawei 0.0208 682 2 800 79
kfc 0.0202 0 18 13 94
lining 0.0354 299 469 345 481
lining 0.0253 203 459 262 474
mcdonalds 0.0398 100 205 121 231
mcdonalds 0.0326 176 246 202 268
mcdonalds 0.0324 101 172 131 200
mcdonalds 0.0280 129 240 149 260
mcdonalds 0.0277 105 199 132 221
mcdonalds 0.0269 100 176 119 209
mcdonalds 0.0269 129 210 151 233
mcdonalds 0.0246 180 73 205 96
mcdonalds 0.0243 82 334 123 358
mcdonalds 0.0239 50 330 97 355
mcdonalds 0.0220 181 187 203 212
mcdonalds 0.0212 99 166 116 186
mcdonalds 0.0206 112 237 134 253
mcdonalds 0.0200 131 88 153 100
mcdonalds 0.0200 129 178 153 208
naixue 0.0251 515 278 540 311
nike 0.0237 280 154 328 172
nike 0.0204 158 52 403 117
nike 0.0204 283 145 438 239
nike 0.0203 297 84 454 184
puma 0.0417 403 311 439 333
puma 0.0314 1 2 69 133
puma 0.0311 434 292 541 370
puma 0.0310 57 331 116 353
puma 0.0304 78 334 140 354
puma 0.0234 384 315 416 337
puma 0.0231 0 12 28 57
puma 0.0207 425 312 451 343
puma 0.0206 282 283 307 302
puma 0.0206 594 6 718 49
puma 0.0200 423 256 545 333
uniqlo 0.0636 175 270 201 293
uniqlo 0.0410 174 295 203 319
uniqlo 0.0255 175 282 205 301
uniqlo 0.0203 176 246 202 268
zara 0.0766 157 0 773 297
zara 0.0417 530 312 553 327
zara 0.0323 520 281 543 301
zara 0.0271 43 320 110 339
zara 0.0262 576 319 601 335
zara 0.0205 10 317 241 381
zara 0.0200 515 278 540 311
