adidas 0.0276 77 153 102 193
adidas 0.0245 227 366 256 385
adidas 0.0227 174 218 293 378
adidas 0.0207 186 288 305 463
anta 0.0412 20 1 260 56
anta 0.0254 213 5 445 74
anta 0.0252 194 5 563 43
apple 0.2698 70 178 99 293
apple 0.0930 100 87 315 365
apple 0.0659 29 175 98 295
apple 0.0448 471 188 700 496
apple 0.0308 144 84 285 294
apple 0.0298 312 214 700 672
apple 0.0292 0 162 503 700
apple 0.0227 53 10 280 130
apple 0.0218 118 162 300 526
hotmaxx 0.0200 144 0 700 435
huawei 0.0214 297 81 352 98
lining 0.0263 142 377 188 391
lining 0.0228 453 620 488 642
naixue 0.0312 0 542 14 636
nike 0.0313 150 184 212 209
nike 0.0302 144 0 700 435
nike 0.0290 475 483 696 555
nike 0.0269 56 251 94 286
nike 0.0213 104 83 151 132
nike 0.0207 14 152 52 180
nike 0.0205 76 89 112 134
oppo 0.0490 139 370 216 385
oppo 0.0376 476 625 632 661
oppo 0.0366 187 365 247 385
oppo 0.0332 371 3 700 38
oppo 0.0255 444 0 700 9
oppo 0.0245 512 43 647 70
oppo 0.0237 331 344 377 359
oppo 0.0209 340 347 374 370
puma 0.0433 83 578 300 697
puma 0.0224 63 404 92 422
puma 0.0220 5 13 144 304
puma 0.0205 0 162 503 700
vivo 0.0223 512 659 554 685
vivo 0.0211 223 360 262 378
zara 0.0506 149 0 671 375
zara 0.0228 139 370 216 385
