anta 0.0220 0 0 310 46
anta 0.0211 0 1 122 133
apple 0.0783 52 236 89 297
apple 0.0339 373 153 415 191
apple 0.0212 0 56 377 623
huawei 0.0398 140 274 218 293
huawei 0.0217 592 388 694 529
huawei 0.0201 0 485 210 562
lining 0.0248 431 345 487 363
lining 0.0247 75 350 123 369
lining 0.0206 74 360 113 374
mcdonalds 0.0201 83 457 111 482
naixue 0.0305 523 373 539 389
naixue 0.0284 2 258 20 317
naixue 0.0242 485 250 510 276
naixue 0.0228 378 311 411 332
naixue 0.0225 530 388 555 404
naixue 0.0216 7 249 44 294
naixue 0.0204 1 296 16 368
nike 0.0295 115 19 587 145
nike 0.0234 134 0 700 401
puma 0.0284 376 448 405 474
puma 0.0227 211 414 255 439
puma 0.0217 316 416 443 504
puma 0.0212 114 373 133 386
watsons 0.0373 410 638 658 698
watsons 0.0274 92 639 429 682
watsons 0.0227 351 675 506 700
zara 0.0515 145 0 684 379
