adidas 0.0282 474 30 505 49
adidas 0.0232 568 73 627 123
adidas 0.0203 477 36 501 59
adidas 0.0200 414 200 502 262
anta 0.0258 274 0 464 45
anta 0.0256 171 273 199 294
anta 0.0206 394 1 578 45
apple 0.0621 312 106 640 400
apple 0.0351 438 65 570 201
apple 0.0282 89 15 247 139
apple 0.0259 0 98 357 420
apple 0.0254 118 278 274 422
apple 0.0206 86 4 257 85
coco 0.2068 454 66 564 200
hm 0.0467 418 260 488 305
hotmaxx 0.0276 136 0 640 331
huawei 0.0809 433 315 497 328
huawei 0.0242 487 201 545 226
kfc 0.0203 93 370 145 403
lining 0.0333 100 252 149 265
lining 0.0247 136 257 190 270
lining 0.0221 51 253 94 263
mcdonalds 0.0341 424 271 487 308
mcdonalds 0.0219 366 390 410 413
naixue 0.0232 246 42 319 172
puma 0.0613 208 336 415 422
puma 0.0341 110 3 219 79
puma 0.0338 404 169 445 206
puma 0.0327 76 5 167 43
puma 0.0315 67 4 130 118
puma 0.0280 70 2 205 12
puma 0.0220 153 45 190 65
puma 0.0218 136 0 640 331
puma 0.0213 405 395 438 414
puma 0.0208 50 200 88 218
puma 0.0205 373 180 419 196
starburks 0.0241 422 74 588 200
uniqlo 0.0203 0 0 640 413
watsons 0.0209 282 383 531 419
zara 0.0440 80 272 127 283
zara 0.0204 134 0 640 267
