adidas 0.0346 1 278 62 494
adidas 0.0257 46 316 160 449
adidas 0.0228 3 297 275 419
adidas 0.0226 292 402 314 421
anta 0.0493 0 3 342 36
anta 0.0264 0 2 235 60
anta 0.0241 0 60 85 190
anta 0.0214 469 4 680 55
anta 0.0205 0 100 161 151
anta 0.0202 1 0 79 93
apple 0.0212 0 140 427 510
coco 0.5963 313 98 389 167
coco 0.0640 334 116 409 194
hm 0.0271 521 435 660 503
hotmaxx 0.0489 538 439 640 480
hotmaxx 0.0390 521 435 660 503
hotmaxx 0.0320 552 480 680 502
hotmaxx 0.0299 478 347 678 411
hotmaxx 0.0231 546 393 677 490
huawei 0.0504 170 145 264 160
huawei 0.0317 529 425 654 505
huawei 0.0280 153 151 240 163
huawei 0.0250 570 124 679 196
huawei 0.0227 440 138 523 153
huawei 0.0200 405 60 507 70
kfc 0.0393 547 434 641 468
kfc 0.0367 340 376 378 415
kfc 0.0299 582 424 602 444
kfc 0.0201 561 438 616 475
lining 0.0213 268 202 304 211
mcdonalds 0.0231 537 362 573 421
naixue 0.0300 266 367 368 487
naixue 0.0252 398 367 476 495
naixue 0.0234 1 429 102 508
naixue 0.0227 326 360 416 487
oppo 0.0319 153 151 240 163
oppo 0.0261 558 123 671 157
puma 0.0538 1 183 149 327
puma 0.0409 23 262 55 296
puma 0.0401 9 238 208 308
puma 0.0348 354 392 384 430
puma 0.0325 577 222 599 244
puma 0.0284 65 213 112 242
puma 0.0223 0 142 488 510
puma 0.0209 0 203 161 276
puma 0.0204 37 260 72 299
starburks 0.0244 319 103 390 163
uniqlo 0.1052 521 435 660 503
uniqlo 0.0390 576 440 649 488
uniqlo 0.0285 543 436 582 474
zara 0.0309 159 151 236 164
zara 0.0252 153 0 641 269
