adidas 0.0245 403 32 442 47
anta 0.0260 0 1 287 27
anta 0.0203 65 1 487 21
coco 0.9179 395 56 459 123
coco 0.1112 390 74 497 140
coco 0.0554 152 154 190 198
coco 0.0339 110 149 245 284
coco 0.0263 407 86 446 123
coco 0.0209 272 81 329 121
hotmaxx 0.0421 134 0 600 215
hotmaxx 0.0289 311 191 419 226
hotmaxx 0.0274 346 198 396 210
huawei 0.0335 269 80 449 132
huawei 0.0232 21 16 81 42
huawei 0.0200 138 278 214 288
kfc 0.0507 117 148 189 218
kfc 0.0445 415 215 444 230
kfc 0.0407 390 74 497 140
kfc 0.0395 441 217 467 234
kfc 0.0359 371 211 420 230
kfc 0.0351 284 76 490 141
kfc 0.0295 443 225 462 237
kfc 0.0251 271 78 334 118
kfc 0.0238 448 214 475 228
lining 0.0255 0 383 55 395
mcdonalds 0.0717 448 154 468 176
mcdonalds 0.0416 417 160 438 175
mcdonalds 0.0342 383 188 401 195
mcdonalds 0.0304 378 164 401 178
mcdonalds 0.0230 321 167 338 180
mcdonalds 0.0214 381 184 409 192
mcdonalds 0.0213 450 145 470 157
naixue 0.0783 428 69 519 131
naixue 0.0330 110 149 245 284
naixue 0.0311 0 107 193 388
naixue 0.0261 63 153 124 285
naixue 0.0208 8 316 257 393
puma 0.0318 250 237 267 249
puma 0.0208 252 161 270 172
puma 0.0206 252 184 274 199
starburks 0.0231 152 154 190 198
watsons 0.0233 183 387 288 400
watsons 0.0211 14 1 436 21
zara 0.0292 17 171 39 184
zara 0.0234 36 322 77 334
zara 0.0201 16 191 42 206
