anta 0.0237 24 197 86 220
coco 0.6890 384 31 464 120
coco 0.0804 215 66 259 108
coco 0.0803 385 53 511 141
coco 0.0677 375 44 421 108
coco 0.0362 441 443 490 501
coco 0.0316 385 66 456 113
coco 0.0254 318 62 363 101
hotmaxx 0.0471 365 440 540 509
hotmaxx 0.0343 126 0 700 306
hotmaxx 0.0229 272 359 529 404
hotmaxx 0.0217 570 198 646 215
huawei 0.0232 173 55 394 154
huawei 0.0225 0 164 247 205
kfc 0.0238 581 395 680 515
lining 0.0405 533 53 626 88
lining 0.0372 342 172 355 181
lining 0.0360 11 281 51 294
lining 0.0333 527 196 548 208
lining 0.0329 371 170 391 179
lining 0.0279 278 321 296 331
lining 0.0257 567 173 613 186
lining 0.0232 269 152 312 159
lining 0.0216 297 157 329 165
lining 0.0211 134 13 186 38
lining 0.0211 266 174 287 184
lining 0.0209 278 316 312 326
lining 0.0204 501 171 532 182
lining 0.0204 299 179 319 186
lining 0.0201 92 6 172 32
mcdonalds 0.0742 0 337 70 433
mcdonalds 0.0352 451 169 470 181
mcdonalds 0.0295 400 487 439 514
mcdonalds 0.0224 7 332 45 414
mcdonalds 0.0217 355 487 406 515
naixue 0.0359 283 190 329 211
naixue 0.0353 79 332 169 412
naixue 0.0240 49 38 155 193
oppo 0.0248 542 54 698 122
puma 0.0462 555 45 691 125
puma 0.0345 85 2 304 111
puma 0.0307 100 5 247 77
puma 0.0298 150 254 177 278
puma 0.0248 232 338 265 352
puma 0.0207 183 252 224 269
puma 0.0205 10 5 237 107
puma 0.0201 225 349 261 364
uniqlo 0.0441 84 257 104 291
uniqlo 0.0294 388 267 417 300
vivo 0.0337 332 25 369 38
vivo 0.0289 290 26 336 45
vivo 0.0230 238 150 271 157
vivo 0.0201 101 25 166 46
watsons 0.0380 301 319 334 327
watsons 0.0301 470 55 694 148
watsons 0.0293 550 205 640 219
watsons 0.0243 0 6 698 373
watsons 0.0212 383 237 426 246
watsons 0.0209 337 50 660 146
zara 0.0207 0 337 70 433
