adidas 0.0332 393 215 418 232
adidas 0.0303 227 215 253 229
adidas 0.0301 121 155 189 225
adidas 0.0245 403 213 428 233
adidas 0.0226 354 234 386 244
adidas 0.0211 410 185 441 206
anta 0.0264 182 0 372 42
anta 0.0246 170 0 490 23
anta 0.0206 0 2 177 34
apple 0.0212 0 53 334 354
coco 0.8676 126 151 181 220
hotmaxx 0.0515 322 233 358 245
hotmaxx 0.0285 311 185 364 203
hotmaxx 0.0201 488 229 600 285
huawei 0.0510 282 186 310 199
huawei 0.0335 114 241 151 249
huawei 0.0231 128 233 172 240
huawei 0.0222 123 208 166 229
huawei 0.0203 491 0 600 66
kfc 0.2076 121 155 182 226
kfc 0.0215 123 208 166 229
kfc 0.0211 1 161 11 222
lining 0.0319 255 135 301 145
lining 0.0224 252 138 277 149
mcdonalds 0.0212 191 190 214 222
naixue 0.0206 411 132 438 155
nike 0.0272 389 176 424 195
puma 0.0315 326 226 344 236
puma 0.0256 273 179 300 194
puma 0.0250 403 213 428 233
starburks 0.0821 127 148 183 215
zara 0.0394 124 0 575 209
