adidas 0.0880 245 37 276 62
adidas 0.0404 386 34 423 68
adidas 0.0259 114 33 394 222
adidas 0.0220 366 19 424 164
anta 0.0308 360 409 386 445
anta 0.0286 280 8 397 96
anta 0.0272 383 8 525 81
anta 0.0204 0 4 242 48
anta 0.0203 395 40 500 173
apple 0.0368 231 254 525 698
apple 0.0236 194 446 281 584
coco 0.7714 306 107 381 215
coco 0.0492 310 134 393 249
coco 0.0283 481 157 521 229
coco 0.0275 305 145 341 212
hotmaxx 0.0249 468 146 525 233
huawei 0.0281 135 4 292 16
kfc 0.0924 473 150 525 239
lining 0.0613 259 329 282 342
lining 0.0372 273 325 300 337
lining 0.0339 255 313 286 327
lining 0.0297 70 342 98 364
lining 0.0276 87 6 151 22
lining 0.0241 384 18 423 43
lining 0.0228 71 336 124 365
lining 0.0227 280 311 317 326
lining 0.0210 306 296 326 314
lining 0.0207 62 319 84 338
mcdonalds 0.0341 306 369 326 409
mcdonalds 0.0314 419 360 434 393
mcdonalds 0.0309 421 335 434 353
mcdonalds 0.0251 113 301 132 315
mcdonalds 0.0237 108 280 140 296
mcdonalds 0.0213 307 345 325 354
mcdonalds 0.0213 421 344 438 379
nike 0.0302 94 17 133 41
nike 0.0298 246 19 283 39
nike 0.0284 261 481 442 562
nike 0.0208 476 445 513 471
oppo 0.1416 131 137 341 236
oppo 0.0228 259 635 453 688
puma 0.0420 26 0 142 13
puma 0.0417 270 475 333 517
puma 0.0385 264 472 310 528
puma 0.0339 77 561 91 583
puma 0.0303 79 475 110 521
puma 0.0292 73 479 99 512
puma 0.0268 254 463 351 553
puma 0.0258 357 385 387 408
puma 0.0251 115 527 131 545
puma 0.0245 437 0 521 40
puma 0.0235 0 11 20 76
puma 0.0225 94 17 133 41
puma 0.0217 459 4 504 54
puma 0.0208 472 550 508 596
puma 0.0202 443 489 456 536
starburks 0.0312 481 157 521 229
vivo 0.0216 476 149 525 233
watsons 0.0228 128 123 386 251
zara 0.0347 473 150 525 239
