adidas 0.1016 116 376 206 470
adidas 0.0486 442 26 586 185
adidas 0.0308 20 118 277 265
adidas 0.0294 439 103 561 171
adidas 0.0216 450 6 583 64
anta 0.0366 48 80 291 284
anta 0.0302 50 2 306 83
anta 0.0247 0 0 208 55
apple 0.0217 257 586 373 700
apple 0.0204 13 79 145 183
coco 0.7575 182 160 236 235
kfc 0.0439 312 400 346 447
kfc 0.0417 315 407 358 436
kfc 0.0209 46 566 69 617
lining 0.0338 436 3 618 31
lining 0.0279 315 389 351 406
lining 0.0278 511 3 631 22
lining 0.0273 0 109 87 211
lining 0.0241 8 146 45 195
lining 0.0215 11 80 176 181
lining 0.0213 453 613 498 639
mcdonalds 0.0441 600 405 631 448
mcdonalds 0.0302 53 342 82 366
mcdonalds 0.0296 49 345 78 382
mcdonalds 0.0286 609 407 639 441
mcdonalds 0.0276 53 344 75 416
mcdonalds 0.0256 584 263 619 317
mcdonalds 0.0234 83 352 107 378
mcdonalds 0.0228 593 253 617 278
mi 0.0209 628 20 699 245
naixue 0.0502 628 20 699 245
naixue 0.0436 318 505 389 547
naixue 0.0238 324 391 424 546
nike 0.0252 481 475 684 561
nike 0.0239 577 475 700 564
nike 0.0238 0 6 115 93
oppo 0.1485 433 133 565 166
oppo 0.0560 431 104 559 176
puma 0.0499 172 398 213 442
puma 0.0297 446 423 475 452
puma 0.0288 607 227 639 249
puma 0.0280 135 440 198 471
puma 0.0275 125 443 166 471
puma 0.0267 110 512 137 575
puma 0.0247 152 560 185 583
puma 0.0244 445 416 489 440
puma 0.0237 98 521 130 556
puma 0.0236 440 446 492 470
puma 0.0234 120 522 149 561
puma 0.0226 182 392 215 429
puma 0.0214 439 455 473 489
puma 0.0210 146 452 181 488
puma 0.0208 20 118 277 265
puma 0.0206 0 171 512 699
puma 0.0206 267 527 287 552
puma 0.0200 287 520 312 540
starburks 0.0874 182 164 239 232
vivo 0.2328 434 110 561 167
vivo 0.0637 439 124 511 165
