adidas 0.0226 514 537 552 575
anta 0.0349 0 6 335 52
anta 0.0251 0 3 221 90
apple 0.0351 179 62 226 103
apple 0.0232 160 49 216 90
coco 0.9818 267 155 353 263
coco 0.2035 285 170 376 289
coco 0.1221 459 163 530 226
coco 0.0489 211 197 251 248
coco 0.0354 429 149 536 236
coco 0.0316 268 178 308 247
hotmaxx 0.0278 549 602 698 700
hotmaxx 0.0216 588 178 680 218
huawei 0.0336 578 183 676 211
huawei 0.0247 81 204 291 294
huawei 0.0232 202 3 372 12
huawei 0.0213 91 305 149 317
huawei 0.0200 334 422 566 479
kfc 0.0674 525 630 570 663
kfc 0.0265 487 525 534 555
kfc 0.0231 21 154 49 178
kfc 0.0207 0 139 18 221
kfc 0.0201 81 528 96 564
lining 0.0456 613 109 679 136
lining 0.0259 640 116 687 140
lining 0.0236 480 364 510 375
mcdonalds 0.0593 249 413 274 431
mcdonalds 0.0571 154 414 181 445
mcdonalds 0.0424 151 422 180 462
mcdonalds 0.0385 120 429 145 467
mcdonalds 0.0346 232 406 251 421
mcdonalds 0.0324 234 434 255 459
mcdonalds 0.0319 238 422 260 444
mcdonalds 0.0318 123 397 140 425
mcdonalds 0.0296 89 453 109 487
mcdonalds 0.0279 127 415 157 450
mcdonalds 0.0270 81 466 98 501
mcdonalds 0.0265 158 400 179 420
mcdonalds 0.0247 126 438 156 488
mcdonalds 0.0223 190 406 210 423
naixue 0.0378 9 301 37 339
nike 0.0262 640 116 687 140
nike 0.0204 300 449 339 466
oppo 0.0212 570 183 699 212
puma 0.0411 488 370 511 392
puma 0.0405 399 423 417 441
puma 0.0349 242 525 273 541
puma 0.0322 212 520 234 545
puma 0.0313 342 519 366 538
puma 0.0285 123 397 140 425
puma 0.0284 525 630 570 663
puma 0.0278 177 527 202 550
puma 0.0251 483 382 504 403
puma 0.0247 494 371 521 385
puma 0.0244 76 359 96 384
puma 0.0240 72 374 100 404
puma 0.0222 136 412 163 431
puma 0.0206 347 424 371 440
starburks 0.0229 17 361 60 404
vivo 0.0205 373 147 532 241
vivo 0.0200 173 35 217 60
