adidas 0.0312 462 33 515 73
adidas 0.0217 10 125 57 148
anta 0.0363 411 3 650 67
anta 0.0337 639 177 798 250
anta 0.0309 480 3 759 66
anta 0.0264 0 0 372 36
anta 0.0262 316 4 562 68
anta 0.0258 388 0 800 37
anta 0.0213 646 111 800 200
anta 0.0200 0 0 240 69
apple 0.0234 0 170 448 582
apple 0.0200 368 226 800 591
coco 0.6156 398 111 481 203
hotmaxx 0.0325 283 304 432 338
hotmaxx 0.0220 454 348 526 384
huawei 0.0246 0 417 252 482
huawei 0.0236 0 171 253 234
huawei 0.0216 0 354 251 417
huawei 0.0204 654 0 800 96
kfc 0.1588 451 347 527 385
kfc 0.0574 240 152 321 205
kfc 0.0457 176 352 207 385
kfc 0.0422 680 310 731 397
kfc 0.0414 470 338 503 359
kfc 0.0229 715 269 739 291
kfc 0.0223 326 118 475 206
kfc 0.0219 448 353 506 377
kfc 0.0208 171 386 200 411
kfc 0.0204 298 418 351 434
lining 0.0667 470 264 518 281
lining 0.0436 511 255 560 280
lining 0.0364 389 267 434 279
lining 0.0225 9 99 63 129
lining 0.0220 10 125 57 148
lining 0.0213 3 101 39 138
lining 0.0203 345 283 369 292
mcdonalds 0.0343 361 352 417 368
mcdonalds 0.0332 122 231 144 247
mcdonalds 0.0301 256 248 284 263
mcdonalds 0.0258 503 311 532 335
mcdonalds 0.0225 356 360 386 379
mcdonalds 0.0224 388 265 412 278
mcdonalds 0.0201 427 102 462 127
mi 0.0265 355 501 406 533
mi 0.0256 381 501 437 532
naixue 0.0242 240 152 321 205
nike 0.0314 534 518 577 540
nike 0.0238 136 545 185 572
nike 0.0222 25 98 84 136
puma 0.0363 125 291 143 309
puma 0.0289 172 324 194 340
puma 0.0289 386 307 413 324
puma 0.0240 94 322 115 361
puma 0.0229 2 0 70 165
puma 0.0217 116 321 136 345
puma 0.0206 102 296 120 330
puma 0.0205 599 341 628 357
puma 0.0205 692 4 777 33
starburks 0.0539 409 118 474 198
uniqlo 0.0350 451 347 527 385
vivo 0.0233 748 325 784 347
watsons 0.0232 269 312 493 362
zara 0.0273 18 448 45 463
