adidas 0.0237 0 434 309 574
anta 0.0255 0 2 355 45
anta 0.0233 144 2 679 36
coco 0.8929 428 186 568 336
hotmaxx 0.0844 127 0 700 424
hotmaxx 0.0339 579 490 696 563
huawei 0.0254 1 503 254 561
huawei 0.0225 138 354 220 369
huawei 0.0211 480 524 571 560
huawei 0.0205 0 5 138 121
kfc 0.0346 488 377 574 438
kfc 0.0213 655 364 696 431
lining 0.0232 629 470 669 495
lining 0.0212 40 583 93 600
mcdonalds 0.0337 489 493 504 507
mi 0.0380 308 535 332 577
mi 0.0209 329 529 353 584
naixue 0.0234 2 515 61 720
nike 0.0313 362 536 430 572
nike 0.0270 360 568 443 595
nike 0.0200 49 504 313 565
oppo 0.0202 96 263 624 454
puma 0.0214 571 512 592 528
