adidas 0.0218 363 19 439 95
anta 0.0302 0 1 198 24
anta 0.0217 0 0 122 36
coco 0.9761 374 39 464 121
coco 0.5010 357 34 434 106
coco 0.0910 298 48 342 86
coco 0.0455 150 45 325 123
coco 0.0246 190 58 231 102
coco 0.0202 286 37 451 126
hotmaxx 0.0575 94 0 640 230
hotmaxx 0.0294 170 305 285 319
huawei 0.0513 168 120 221 130
huawei 0.0212 0 89 148 128
huawei 0.0206 0 127 241 160
kfc 0.0425 266 268 295 288
kfc 0.0405 403 262 440 286
kfc 0.0243 308 263 341 285
kfc 0.0237 459 87 493 122
kfc 0.0227 281 268 322 285
kfc 0.0216 169 42 425 124
kfc 0.0212 206 287 246 301
lining 0.0409 207 245 243 251
lining 0.0255 417 240 459 250
lining 0.0238 205 250 231 257
mcdonalds 0.0226 76 141 105 153
mcdonalds 0.0210 113 149 130 161
nike 0.0361 0 57 129 108
nike 0.0297 15 81 52 102
nike 0.0272 4 79 39 104
nike 0.0242 534 88 640 135
puma 0.0261 229 137 258 151
puma 0.0239 0 88 15 132
puma 0.0209 406 261 436 282
puma 0.0204 510 160 537 194
watsons 0.0234 432 255 476 266
