adidas 0.0234 420 225 541 300
adidas 0.0225 54 234 152 371
anta 0.0232 326 308 381 336
apple 0.0430 241 36 259 56
apple 0.0336 270 35 295 55
apple 0.0308 249 26 275 47
apple 0.0288 486 182 508 202
apple 0.0243 108 5 218 87
apple 0.0236 0 48 353 415
apple 0.0206 211 35 231 55
hm 0.9040 262 139 320 180
huawei 0.0364 273 180 320 191
huawei 0.0278 0 335 192 377
huawei 0.0257 82 1 514 24
huawei 0.0240 558 25 638 117
huawei 0.0239 369 52 581 96
lining 0.0248 440 324 460 337
lining 0.0239 445 316 481 330
lining 0.0202 15 109 42 121
mcdonalds 0.0391 114 181 137 218
mcdonalds 0.0316 270 136 316 169
mi 0.0231 272 138 318 172
naixue 0.0347 565 19 615 62
naixue 0.0345 587 223 635 301
naixue 0.0321 414 35 445 54
naixue 0.0222 581 12 638 164
naixue 0.0216 138 178 164 219
naixue 0.0208 439 411 640 480
oppo 0.0300 349 1 640 28
puma 0.0503 105 252 124 270
puma 0.0302 199 6 307 41
puma 0.0281 4 159 19 234
puma 0.0279 470 6 573 43
puma 0.0266 7 0 169 76
puma 0.0259 2 1 61 53
puma 0.0257 0 8 28 52
puma 0.0250 406 353 442 368
puma 0.0246 558 210 580 225
puma 0.0243 303 7 408 42
puma 0.0243 0 0 54 127
puma 0.0237 234 5 343 43
puma 0.0237 76 241 93 267
puma 0.0221 547 225 576 247
puma 0.0206 0 0 89 77
puma 0.0201 506 3 624 46
uniqlo 0.0776 261 139 319 179
zara 0.0608 147 0 621 257
zara 0.0272 40 153 68 172
zara 0.0210 513 141 553 152
zara 0.0207 13 201 34 223
