adidas 0.0259 543 11 648 98
adidas 0.0209 85 4 308 100
hm 0.1093 303 62 380 174
hm 0.0542 279 62 346 158
hm 0.0361 184 56 384 177
huawei 0.0376 14 47 235 109
huawei 0.0356 0 84 230 152
huawei 0.0251 35 52 236 177
kfc 0.0368 287 73 345 163
lining 0.0222 480 0 684 8
mcdonalds 0.0239 91 191 129 220
mcdonalds 0.0229 551 196 580 215
mcdonalds 0.0212 96 281 126 329
mi 0.0520 169 49 217 87
mi 0.0260 203 58 240 90
naixue 0.0514 454 223 505 280
naixue 0.0437 440 326 510 371
naixue 0.0371 0 38 64 222
naixue 0.0326 652 32 790 125
naixue 0.0293 709 27 790 153
naixue 0.0292 416 316 517 385
naixue 0.0280 75 18 181 155
naixue 0.0247 527 235 554 253
naixue 0.0244 534 25 657 128
naixue 0.0236 743 149 790 198
naixue 0.0232 0 10 99 151
naixue 0.0231 626 13 737 98
naixue 0.0228 57 237 89 260
naixue 0.0224 620 64 741 200
naixue 0.0220 324 224 364 265
naixue 0.0214 705 154 739 194
naixue 0.0205 463 245 503 289
naixue 0.0200 536 144 574 164
nike 0.0272 392 41 632 104
puma 0.0365 385 7 500 86
puma 0.0278 310 11 397 120
puma 0.0272 451 4 582 80
puma 0.0268 617 140 653 163
puma 0.0239 2 2 80 119
puma 0.0207 551 214 573 244
uniqlo 0.0501 287 73 345 163
uniqlo 0.0208 57 247 86 279
watsons 0.0284 436 2 790 34
zara 0.0561 593 220 633 232
zara 0.0438 173 237 228 255
zara 0.0407 156 0 790 325
zara 0.0404 321 226 357 243
zara 0.0285 586 222 624 240
zara 0.0266 213 238 266 253
zara 0.0243 554 218 587 234
zara 0.0222 62 236 99 254
