adidas 0.0294 41 148 105 233
adidas 0.0245 0 89 38 228
adidas 0.0237 330 180 341 193
adidas 0.0228 41 112 100 212
anta 0.0216 4 1 187 20
hm 0.9061 192 22 296 84
huawei 0.0348 308 36 334 46
huawei 0.0229 321 13 404 24
huawei 0.0210 68 14 157 23
huawei 0.0206 319 36 367 44
kfc 0.0397 359 216 417 270
kfc 0.0361 372 228 402 259
kfc 0.0223 384 234 419 271
mcdonalds 0.0316 260 234 392 293
mcdonalds 0.0252 0 236 81 292
naixue 0.0295 0 123 12 176
naixue 0.0267 171 152 190 175
naixue 0.0251 180 149 206 172
naixue 0.0219 209 147 236 169
puma 0.0508 93 185 117 199
puma 0.0474 90 184 112 207
puma 0.0384 46 218 71 233
puma 0.0331 76 183 96 201
puma 0.0321 94 173 113 191
puma 0.0313 347 158 418 224
puma 0.0303 71 171 90 197
puma 0.0302 189 227 204 235
puma 0.0291 259 179 281 208
puma 0.0273 35 216 76 231
puma 0.0247 82 234 99 241
puma 0.0238 74 160 91 178
puma 0.0234 131 236 145 245
puma 0.0223 54 185 76 201
puma 0.0220 380 1 426 15
puma 0.0219 99 155 125 170
puma 0.0216 304 177 318 188
puma 0.0214 118 234 138 249
puma 0.0206 367 167 407 183
puma 0.0200 394 156 419 178
vivo 0.0210 408 205 429 215
zara 0.0249 215 152 243 167
zara 0.0208 102 0 440 184
