adidas 0.0201 597 144 625 166
anta 0.0275 309 3 542 55
anta 0.0216 291 29 411 90
anta 0.0208 140 3 400 54
anta 0.0207 462 4 671 71
anta 0.0201 110 3 559 29
hm 0.8458 414 107 518 190
hm 0.4630 428 325 481 361
hm 0.0276 437 328 473 354
hm 0.0233 431 126 524 218
hotmaxx 0.0515 10 234 120 286
hotmaxx 0.0294 297 21 385 53
hotmaxx 0.0220 628 459 749 481
huawei 0.0544 0 246 150 285
huawei 0.0336 444 365 487 374
huawei 0.0264 7 248 93 276
huawei 0.0220 250 183 434 240
huawei 0.0218 127 94 382 148
huawei 0.0217 437 182 500 196
kfc 0.0240 603 117 626 140
kfc 0.0207 418 113 497 181
lining 0.0270 9 229 40 278
lining 0.0212 271 3 447 14
mcdonalds 0.0748 437 328 473 354
mcdonalds 0.0629 436 310 470 329
mcdonalds 0.0475 435 321 476 346
mcdonalds 0.0370 642 349 661 363
mcdonalds 0.0265 390 302 439 318
mcdonalds 0.0258 595 374 625 387
mcdonalds 0.0246 2 235 117 274
mcdonalds 0.0216 205 379 315 458
mcdonalds 0.0204 443 94 475 119
mcdonalds 0.0201 78 448 116 480
mi 0.0274 437 328 473 354
mi 0.0240 285 335 323 352
naixue 0.0412 286 148 401 218
naixue 0.0275 685 14 747 170
naixue 0.0205 293 156 382 274
nike 0.0675 44 156 100 177
nike 0.0331 697 256 740 277
nike 0.0284 0 146 179 192
nike 0.0230 688 252 716 279
nike 0.0207 313 328 528 375
oppo 0.0210 149 450 195 479
puma 0.0305 193 391 208 405
puma 0.0298 508 117 526 141
puma 0.0255 606 94 622 111
puma 0.0244 1 2 64 126
puma 0.0241 626 7 689 25
puma 0.0237 563 400 584 420
puma 0.0224 641 98 667 116
puma 0.0221 551 205 577 219
puma 0.0212 131 379 145 392
puma 0.0205 565 394 580 404
puma 0.0205 455 213 484 227
puma 0.0204 274 161 291 173
uniqlo 0.0302 432 322 477 359
uniqlo 0.0248 606 460 709 486
uniqlo 0.0220 591 464 674 484
uniqlo 0.0205 628 459 749 481
vivo 0.0560 3 236 113 269
zara 0.5333 6 248 169 288
zara 0.2014 2 235 117 274
zara 0.0401 146 0 715 263
zara 0.0232 349 392 376 404
