adidas 0.0473 136 190 169 207
adidas 0.0274 46 154 65 167
adidas 0.0233 339 181 354 195
adidas 0.0216 350 179 365 186
anta 0.0262 50 172 74 199
apple 0.0255 31 30 110 88
hm 0.7819 231 32 285 63
hm 0.0227 234 43 314 73
huawei 0.0314 234 50 279 64
kfc 0.0231 2 171 11 200
mcdonalds 0.0264 268 145 277 153
mcdonalds 0.0263 266 150 283 166
mcdonalds 0.0254 263 151 277 168
naixue 0.0453 46 20 102 100
naixue 0.0355 0 12 38 111
naixue 0.0337 161 8 196 23
naixue 0.0269 305 205 443 256
naixue 0.0202 308 122 330 135
puma 0.0343 51 208 61 220
puma 0.0335 103 187 134 199
puma 0.0322 259 188 279 203
puma 0.0303 34 105 59 120
puma 0.0292 217 151 235 167
puma 0.0292 187 179 206 192
puma 0.0285 220 150 240 160
puma 0.0280 122 191 156 205
puma 0.0279 26 227 52 247
puma 0.0258 339 119 348 126
puma 0.0254 249 187 273 198
puma 0.0236 54 205 66 215
puma 0.0231 243 185 257 195
puma 0.0223 46 33 71 47
puma 0.0222 361 151 376 167
puma 0.0219 0 3 17 27
puma 0.0212 426 40 449 79
puma 0.0211 29 26 52 39
puma 0.0209 218 178 232 195
puma 0.0200 62 205 76 210
puma 0.0200 369 175 386 184
vivo 0.0403 108 242 165 253
zara 0.0298 91 0 431 141
