anta 0.0240 15 25 146 128
anta 0.0233 37 3 212 67
anta 0.0202 266 1 466 59
apple 0.0203 0 155 327 556
coco 0.0232 214 390 289 470
hm 0.9387 193 118 300 201
hm 0.3232 213 131 314 226
lining 0.0268 495 21 554 107
mcdonalds 0.0564 319 85 341 110
mcdonalds 0.0470 0 438 114 554
mcdonalds 0.0215 319 105 336 138
mcdonalds 0.0209 406 88 440 132
mcdonalds 0.0208 125 362 137 397
naixue 0.0422 146 407 176 434
naixue 0.0296 145 413 168 440
naixue 0.0246 207 383 235 417
naixue 0.0238 256 385 300 422
naixue 0.0228 145 443 169 473
naixue 0.0226 165 390 201 417
nike 0.0351 9 22 85 108
nike 0.0294 5 46 39 97
puma 0.0428 448 230 526 332
puma 0.0403 68 0 121 37
puma 0.0301 37 377 58 406
puma 0.0249 296 130 311 162
puma 0.0244 462 256 499 293
puma 0.0224 83 1 180 58
puma 0.0223 49 3 133 55
puma 0.0218 0 155 327 556
puma 0.0216 99 0 161 32
uniqlo 0.3216 213 131 314 226
uniqlo 0.0220 2 517 42 558
zara 0.0360 115 0 532 300
