adidas 0.0228 229 818 262 857
anta 0.0388 561 52 804 398
anta 0.0254 203 1 369 201
anta 0.0229 0 8 315 101
hm 0.2262 300 41 637 427
huawei 0.0666 300 41 637 427
kfc 0.0246 324 0 576 337
mi 0.0253 308 701 344 748
mi 0.0221 307 768 363 819
naixue 0.0471 56 677 95 723
naixue 0.0291 268 689 306 735
naixue 0.0241 0 430 8 654
naixue 0.0208 0 329 8 486
naixue 0.0206 282 805 353 859
nike 0.0327 511 875 597 959
puma 0.0375 314 14 433 277
puma 0.0202 479 889 598 1023
zara 0.0506 295 29 637 412
zara 0.0298 175 0 814 918
zara 0.0267 200 828 235 853
zara 0.0257 237 812 298 843
