adidas 0.0338 499 263 697 392
adidas 0.0218 421 275 647 387
apple 0.0326 0 67 424 457
apple 0.0274 346 180 797 499
hm 0.9855 516 139 626 203
huawei 0.0572 513 181 611 207
kfc 0.0339 481 297 513 322
kfc 0.0268 481 309 504 330
lining 0.0232 125 469 175 493
mcdonalds 0.0573 515 139 619 206
mcdonalds 0.0439 507 263 528 286
mcdonalds 0.0294 470 263 491 283
mcdonalds 0.0251 506 282 536 313
mcdonalds 0.0231 474 283 515 298
mcdonalds 0.0212 543 482 598 510
mcdonalds 0.0209 421 481 460 509
mcdonalds 0.0202 485 293 502 312
mi 0.0243 346 180 797 499
mi 0.0229 506 282 536 313
naixue 0.0795 116 285 166 334
nike 0.0226 209 289 246 301
puma 0.0700 573 268 607 307
puma 0.0681 586 221 631 304
puma 0.0450 556 268 602 313
puma 0.0385 219 325 255 358
puma 0.0352 223 327 246 341
puma 0.0342 324 299 352 315
puma 0.0337 318 304 346 325
puma 0.0323 567 244 620 308
puma 0.0306 227 327 261 346
puma 0.0286 551 331 569 347
puma 0.0286 306 293 330 308
puma 0.0242 69 299 104 319
puma 0.0240 343 294 366 311
puma 0.0229 640 371 660 389
puma 0.0223 307 311 331 335
puma 0.0222 301 365 324 395
puma 0.0211 195 351 222 371
puma 0.0209 638 269 680 295
puma 0.0209 501 342 529 358
puma 0.0207 412 380 435 392
puma 0.0204 313 288 340 302
puma 0.0202 470 263 491 283
puma 0.0201 465 245 487 263
uniqlo 0.0390 503 292 549 322
uniqlo 0.0326 501 300 535 324
zara 0.0453 154 0 773 274
