adidas 0.0218 462 140 501 169
anta 0.0591 448 0 592 13
anta 0.0439 281 0 418 16
anta 0.0380 159 2 449 57
anta 0.0257 554 7 791 145
anta 0.0218 548 2 800 60
anta 0.0204 406 5 461 37
hm 0.9494 341 118 445 199
hm 0.1798 324 0 478 29
hm 0.0850 286 130 461 270
hm 0.0796 334 5 457 47
hm 0.0334 357 129 468 238
huawei 0.0340 0 213 245 265
huawei 0.0290 334 5 457 47
huawei 0.0262 2 266 232 319
huawei 0.0254 310 358 536 417
huawei 0.0219 0 155 259 211
huawei 0.0215 324 0 478 29
huawei 0.0201 0 49 262 109
kfc 0.0361 143 354 192 396
kfc 0.0268 334 194 374 250
kfc 0.0245 296 196 352 236
kfc 0.0226 303 183 335 209
lining 0.0353 200 0 382 9
lining 0.0216 345 65 403 78
mcdonalds 0.0765 354 128 441 189
mcdonalds 0.0484 384 106 422 127
mcdonalds 0.0481 123 286 149 312
mcdonalds 0.0455 370 118 438 160
mcdonalds 0.0343 348 105 376 130
mcdonalds 0.0334 113 286 139 316
mcdonalds 0.0322 324 0 478 29
mcdonalds 0.0322 299 321 331 345
mcdonalds 0.0249 333 73 368 95
mcdonalds 0.0226 585 498 639 526
mcdonalds 0.0208 642 85 659 100
mcdonalds 0.0206 745 291 799 397
mi 0.0202 334 5 457 47
naixue 0.0576 50 208 80 226
naixue 0.0417 46 207 73 238
naixue 0.0295 50 234 74 268
naixue 0.0265 56 206 88 220
naixue 0.0218 3 190 20 256
naixue 0.0218 0 253 69 460
nike 0.0291 548 5 800 87
nike 0.0240 469 2 794 45
nike 0.0201 590 487 722 528
puma 0.0368 461 128 481 157
puma 0.0352 93 354 113 376
puma 0.0316 360 0 504 23
puma 0.0310 132 80 174 112
puma 0.0282 559 198 590 224
puma 0.0281 506 117 545 156
puma 0.0279 175 271 194 288
puma 0.0259 423 213 453 243
puma 0.0258 381 1 459 37
puma 0.0225 5 4 79 85
puma 0.0215 220 259 243 285
starburks 0.0214 761 287 799 384
zara 0.0424 221 205 401 276
zara 0.0332 186 0 744 279
zara 0.0307 9 231 42 254
zara 0.0238 28 342 50 355
zara 0.0221 21 423 51 440
zara 0.0219 24 89 54 106
zara 0.0217 26 202 58 216
zara 0.0200 751 307 795 345
