anta 0.1165 740 65 1078 427
anta 0.0411 0 11 484 106
anta 0.0290 976 50 1074 468
anta 0.0278 0 11 349 172
anta 0.0259 783 0 1067 172
anta 0.0235 422 443 558 530
anta 0.0230 836 880 931 1005
anta 0.0210 72 5 666 83
anta 0.0205 857 855 916 954
anta 0.0203 1053 254 1079 477
anta 0.0201 849 831 926 929
hm 0.5953 471 212 799 434
huawei 0.0220 530 418 621 435
huawei 0.0206 472 420 568 449
kfc 0.0200 151 608 193 726
lining 0.0253 327 986 445 1038
lining 0.0237 181 1039 225 1075
mcdonalds 0.0206 171 1360 228 1421
naixue 0.0377 149 603 210 717
naixue 0.0318 0 477 85 1058
naixue 0.0217 595 645 636 695
nike 0.0404 19 920 91 980
nike 0.0309 800 876 842 963
nike 0.0246 804 911 855 1015
nike 0.0204 863 829 1080 1026
oppo 0.0510 805 1385 1079 1440
oppo 0.0237 926 403 1033 456
puma 0.0353 910 1118 959 1183
puma 0.0286 825 1141 901 1235
puma 0.0266 913 0 1054 90
puma 0.0261 135 656 183 751
puma 0.0231 130 664 169 778
puma 0.0213 830 1068 895 1119
puma 0.0201 857 855 916 954
puma 0.0200 671 1137 701 1192
watsons 0.0224 0 6 401 27
zara 0.0304 237 0 1025 768
zara 0.0202 337 156 395 204
