anta 0.0209 258 1 344 9
apple 0.0207 0 80 270 438
hm 0.5931 207 96 338 169
hm 0.5243 222 76 321 144
hotmaxx 0.0775 201 90 346 176
hotmaxx 0.0758 326 48 506 95
hotmaxx 0.0280 91 0 486 244
huawei 0.1051 381 43 501 99
huawei 0.0274 0 195 168 239
huawei 0.0259 0 249 160 295
huawei 0.0257 201 90 346 176
huawei 0.0246 0 343 156 393
huawei 0.0239 18 47 46 70
huawei 0.0226 0 293 164 343
kfc 0.1318 202 76 313 145
kfc 0.0358 225 88 271 144
kfc 0.0258 248 30 268 62
kfc 0.0206 424 27 458 70
lining 0.0361 103 3 178 11
lining 0.0359 183 166 206 173
lining 0.0345 48 2 130 9
lining 0.0331 20 11 58 27
lining 0.0282 0 472 47 488
lining 0.0243 122 2 206 10
lining 0.0231 463 3 502 21
lining 0.0212 13 4 105 12
mcdonalds 0.0437 226 209 244 224
mcdonalds 0.0275 230 208 252 220
naixue 0.0443 166 185 189 211
nike 0.0216 24 449 57 480
puma 0.0253 0 12 20 46
puma 0.0230 276 281 289 293
puma 0.0223 306 265 318 273
puma 0.0207 381 252 389 265
uniqlo 0.0703 22 23 69 62
uniqlo 0.0316 426 19 497 68
uniqlo 0.0260 19 23 44 54
uniqlo 0.0246 250 34 285 58
vivo 0.0203 475 292 498 308
watsons 0.0420 383 374 418 382
watsons 0.0245 392 376 438 384
zara 0.0571 91 0 486 244
zara 0.0385 33 244 68 257
zara 0.0287 389 290 418 302
zara 0.0202 420 234 461 250
zara 0.0201 282 288 308 298
