adidas 0.0232 549 350 667 589
adidas 0.0212 558 238 672 458
anta 0.0307 42 903 109 937
anta 0.0240 43 906 94 966
anta 0.0225 188 21 620 342
apple 0.0233 0 287 456 984
coco 0.0257 245 0 459 31
hm 0.9090 120 190 276 308
hm 0.0370 156 231 314 355
hotmaxx 0.0301 460 537 522 561
hotmaxx 0.0231 513 539 566 568
huawei 0.0207 421 543 446 558
lining 0.0386 665 68 787 201
lining 0.0325 0 959 71 989
lining 0.0251 676 101 754 171
lining 0.0202 341 9 472 86
mcdonalds 0.0331 182 190 270 309
naixue 0.0213 773 209 818 287
zara 0.0530 176 0 800 543
zara 0.0228 67 544 105 573
