adidas 0.0375 41 254 80 291
adidas 0.0296 316 306 333 314
adidas 0.0228 0 170 89 315
adidas 0.0219 51 101 159 270
adidas 0.0216 0 81 55 312
adidas 0.0214 48 180 157 322
anta 0.0242 186 2 517 39
anta 0.0221 0 0 347 30
anta 0.0218 123 2 380 49
apple 0.0219 5 110 122 250
hotmaxx 0.3525 288 163 462 208
hotmaxx 0.2509 268 145 437 186
hotmaxx 0.0399 227 263 266 277
hotmaxx 0.0339 521 363 560 374
huawei 0.0297 246 150 443 184
kfc 0.0223 41 253 87 280
lining 0.0323 33 434 82 449
lining 0.0295 356 8 636 153
lining 0.0291 401 4 540 59
lining 0.0286 329 461 377 471
lining 0.0239 426 230 449 242
lining 0.0232 169 13 564 105
lining 0.0214 477 202 507 214
lining 0.0202 183 210 244 224
mcdonalds 0.0322 662 31 697 107
mcdonalds 0.0312 120 183 137 203
mcdonalds 0.0286 517 161 550 175
mcdonalds 0.0242 121 320 138 347
mcdonalds 0.0237 633 26 695 101
mcdonalds 0.0216 209 257 231 271
mcdonalds 0.0212 199 258 218 276
mcdonalds 0.0204 266 245 282 257
mcdonalds 0.0203 483 166 514 186
mi 0.0264 229 266 260 281
mi 0.0236 261 263 283 277
naixue 0.0244 636 204 700 422
nike 0.0203 498 79 690 173
puma 0.1545 412 5 552 81
puma 0.0391 459 4 595 46
puma 0.0337 122 269 137 292
puma 0.0291 478 2 567 32
puma 0.0279 504 13 550 36
puma 0.0277 139 226 160 240
puma 0.0268 166 296 177 310
puma 0.0261 0 2 61 127
puma 0.0244 503 18 660 83
puma 0.0242 497 6 654 46
puma 0.0231 315 261 330 277
puma 0.0227 457 13 568 93
puma 0.0220 307 269 320 284
puma 0.0212 199 258 218 276
puma 0.0211 76 245 94 261
puma 0.0210 431 12 542 58
