adidas 0.0215 508 40 542 109
anta 0.0355 0 9 307 76
anta 0.0247 175 24 339 122
anta 0.0231 90 12 274 121
anta 0.0206 148 8 448 75
coco 0.0233 332 897 449 933
hm 0.0328 369 251 503 371
hotmaxx 0.1613 234 152 549 396
hotmaxx 0.0347 235 41 494 306
hotmaxx 0.0250 222 6 604 68
hotmaxx 0.0203 238 100 531 199
hotmaxx 0.0201 184 11 361 87
huawei 0.0272 570 542 699 684
huawei 0.0246 0 275 210 375
kfc 0.0538 622 54 698 319
kfc 0.0247 628 11 700 165
kfc 0.0222 579 143 625 204
kfc 0.0218 650 24 689 176
lining 0.3316 242 36 644 303
lining 0.0463 184 530 226 551
lining 0.0370 192 19 452 101
lining 0.0325 238 100 531 199
lining 0.0254 169 519 231 541
lining 0.0201 410 363 446 400
lining 0.0200 464 311 520 376
mcdonalds 0.0975 401 88 462 167
mcdonalds 0.0674 428 93 486 172
mcdonalds 0.0412 636 23 700 197
mcdonalds 0.0369 214 172 295 305
mcdonalds 0.0327 373 62 490 178
mcdonalds 0.0297 494 511 515 536
mcdonalds 0.0278 485 528 504 554
mcdonalds 0.0254 594 379 622 425
mcdonalds 0.0241 482 141 516 206
mcdonalds 0.0201 196 136 222 180
nike 0.0275 593 202 698 409
nike 0.0257 479 132 692 310
nike 0.0252 154 602 191 634
nike 0.0247 602 329 700 495
nike 0.0238 541 260 700 392
puma 0.0428 223 703 255 738
puma 0.0306 236 699 272 720
puma 0.0242 635 45 681 125
puma 0.0239 227 723 250 762
puma 0.0239 544 11 662 173
puma 0.0235 209 707 232 724
puma 0.0231 240 547 266 574
puma 0.0228 196 26 308 151
puma 0.0211 566 447 583 467
puma 0.0209 512 9 643 86
puma 0.0202 216 64 473 259
vivo 0.0212 37 851 77 906
vivo 0.0208 363 39 398 71
watsons 0.0210 381 8 458 48
zara 0.0234 136 0 689 530
