adidas 0.0223 293 439 336 479
anta 0.0536 0 5 334 64
anta 0.0384 0 4 230 111
anta 0.0340 42 2 468 49
anta 0.0337 555 79 699 212
anta 0.0286 607 39 698 240
anta 0.0269 68 7 306 98
anta 0.0264 676 122 695 246
anta 0.0252 403 7 506 24
anta 0.0252 590 3 700 124
anta 0.0242 229 6 393 122
anta 0.0223 130 11 354 145
coco 0.0237 571 371 588 412
coco 0.0200 498 379 519 396
hotmaxx 0.3219 354 108 623 218
hotmaxx 0.0470 611 356 678 400
hotmaxx 0.0277 218 440 276 472
hotmaxx 0.0227 364 7 697 78
hotmaxx 0.0213 121 341 170 395
hotmaxx 0.0210 139 1 700 527
hotmaxx 0.0202 108 570 436 641
huawei 0.0403 353 112 612 221
huawei 0.0293 0 557 244 653
huawei 0.0236 425 82 590 164
huawei 0.0229 570 6 700 159
kfc 0.0889 303 375 486 494
kfc 0.0503 90 453 120 474
kfc 0.0503 90 457 116 489
kfc 0.0433 159 446 192 472
kfc 0.0352 155 469 175 498
kfc 0.0330 305 346 435 458
kfc 0.0286 411 371 436 419
kfc 0.0257 155 327 176 384
kfc 0.0245 87 474 107 509
kfc 0.0245 583 351 620 370
kfc 0.0240 353 379 396 450
kfc 0.0238 122 447 153 470
kfc 0.0234 159 413 178 448
kfc 0.0230 264 468 283 498
kfc 0.0222 200 421 237 446
kfc 0.0213 42 478 76 501
kfc 0.0202 52 465 90 488
lining 0.0293 595 314 615 329
lining 0.0288 403 7 506 24
lining 0.0264 621 300 675 339
lining 0.0260 351 11 588 108
lining 0.0244 559 270 591 291
lining 0.0221 571 326 601 345
mcdonalds 0.1134 303 239 357 273
mcdonalds 0.0712 317 252 343 286
mcdonalds 0.0566 526 298 545 322
mcdonalds 0.0350 492 324 519 345
mcdonalds 0.0332 526 268 561 295
mcdonalds 0.0299 442 314 486 334
mcdonalds 0.0289 311 283 336 317
mcdonalds 0.0276 519 342 536 358
mcdonalds 0.0241 493 303 539 328
mcdonalds 0.0233 487 331 508 352
mcdonalds 0.0231 526 252 545 270
mcdonalds 0.0225 121 341 170 395
mcdonalds 0.0220 226 328 265 356
mcdonalds 0.0213 186 288 207 328
mcdonalds 0.0209 319 245 406 286
mcdonalds 0.0208 318 252 369 289
mcdonalds 0.0207 444 335 482 354
mcdonalds 0.0202 156 298 176 331
naixue 0.0213 0 465 58 755
nike 0.0340 591 835 699 933
nike 0.0283 620 824 696 902
puma 0.0280 310 385 363 443
puma 0.0243 496 450 528 470
puma 0.0227 318 441 395 466
puma 0.0213 345 338 398 414
puma 0.0206 414 445 459 461
zara 0.0222 147 0 661 479
