anta 0.0302 0 3 332 60
anta 0.0221 393 434 451 472
anta 0.0217 0 4 228 106
anta 0.0206 590 394 633 459
hm 0.0793 205 274 369 345
hotmaxx 0.3279 208 289 415 375
hotmaxx 0.0820 510 596 559 625
hotmaxx 0.0461 494 598 538 623
hotmaxx 0.0339 205 274 369 345
hotmaxx 0.0278 508 406 578 446
hotmaxx 0.0273 519 548 554 570
hotmaxx 0.0266 535 215 681 333
hotmaxx 0.0262 544 161 679 274
hotmaxx 0.0250 506 547 534 566
hotmaxx 0.0233 572 588 601 624
hotmaxx 0.0200 574 553 597 577
huawei 0.0274 556 810 593 835
huawei 0.0266 593 2 700 129
huawei 0.0240 548 812 605 828
huawei 0.0207 283 559 547 640
kfc 0.0372 599 581 629 626
kfc 0.0338 590 564 617 609
kfc 0.0238 177 633 229 690
kfc 0.0206 2 387 14 499
lining 0.0527 87 404 154 439
lining 0.0389 63 411 145 448
lining 0.0323 631 360 663 401
lining 0.0322 1 888 55 923
lining 0.0313 248 401 308 428
lining 0.0289 564 349 646 380
lining 0.0261 588 345 622 379
lining 0.0249 159 407 204 432
lining 0.0232 519 758 550 789
lining 0.0227 584 361 632 386
lining 0.0217 356 439 433 472
lining 0.0204 299 406 342 426
lining 0.0200 347 429 378 443
naixue 0.0213 1 425 57 832
puma 0.0509 611 432 658 507
puma 0.0488 600 418 644 488
puma 0.0312 627 501 654 553
puma 0.0280 601 394 696 622
puma 0.0264 596 380 673 535
puma 0.0255 2 4 60 229
puma 0.0224 595 394 633 459
puma 0.0218 606 504 642 528
vivo 0.0215 471 904 591 933
vivo 0.0200 436 898 550 933
zara 0.0364 149 0 675 497
