adidas 0.0333 19 298 59 345
adidas 0.0247 12 295 42 353
adidas 0.0236 2 362 271 622
adidas 0.0228 449 469 486 491
anta 0.0827 593 171 700 306
anta 0.0629 0 3 335 61
anta 0.0442 0 4 225 105
anta 0.0237 428 8 627 108
anta 0.0224 559 255 700 373
anta 0.0200 3 0 84 173
coco 0.0973 142 501 197 618
coco 0.0863 109 489 211 627
coco 0.0440 227 441 254 473
coco 0.0366 172 520 213 615
coco 0.0226 216 444 263 509
hotmaxx 0.2947 196 220 581 309
hotmaxx 0.0369 628 471 685 562
hotmaxx 0.0334 181 196 460 294
hotmaxx 0.0243 549 531 694 651
hotmaxx 0.0203 8 595 54 622
huawei 0.0310 568 472 695 673
huawei 0.0289 227 247 296 275
huawei 0.0247 405 601 470 619
kfc 0.0275 667 358 698 535
kfc 0.0259 420 542 466 585
kfc 0.0257 657 393 693 451
kfc 0.0237 628 471 685 562
lining 0.0291 223 260 256 290
lining 0.0254 565 406 599 430
lining 0.0253 373 416 415 441
lining 0.0225 14 264 53 292
lining 0.0217 529 402 546 424
lining 0.0211 8 451 50 485
lining 0.0207 410 411 458 430
lining 0.0201 157 0 400 9
lining 0.0201 525 339 546 353
mcdonalds 0.0568 373 151 409 174
mcdonalds 0.0270 478 228 573 277
mcdonalds 0.0236 217 867 250 918
mcdonalds 0.0216 8 641 38 702
mcdonalds 0.0214 632 370 665 413
naixue 0.0479 607 428 698 616
naixue 0.0444 0 581 514 933
naixue 0.0363 72 530 119 598
naixue 0.0245 76 479 278 705
naixue 0.0230 2 482 79 701
naixue 0.0226 54 735 158 928
naixue 0.0218 7 666 66 926
naixue 0.0215 22 529 312 766
naixue 0.0208 1 379 65 666
naixue 0.0200 172 520 213 615
puma 0.0541 131 340 182 392
puma 0.0509 107 328 145 400
puma 0.0289 474 245 518 274
puma 0.0279 111 316 214 404
puma 0.0263 511 234 559 274
watsons 0.0220 274 835 485 922
