adidas 0.0224 163 252 176 263
adidas 0.0220 115 478 138 492
anta 0.0390 0 3 326 37
anta 0.0341 490 0 695 60
anta 0.0308 0 3 212 92
anta 0.0232 262 207 508 251
anta 0.0229 494 36 676 131
anta 0.0222 621 14 700 139
hotmaxx 0.2344 240 63 555 127
hotmaxx 0.0413 237 389 316 407
hotmaxx 0.0391 256 308 318 322
hotmaxx 0.0365 70 356 125 382
hotmaxx 0.0313 303 285 348 303
hotmaxx 0.0304 80 431 116 443
hotmaxx 0.0295 266 287 316 303
hotmaxx 0.0286 207 389 285 405
hotmaxx 0.0271 149 372 367 411
hotmaxx 0.0245 424 500 518 518
hotmaxx 0.0243 144 0 651 264
hotmaxx 0.0225 296 391 342 408
huawei 0.0303 248 66 548 126
huawei 0.0200 567 0 700 88
kfc 0.0629 492 383 521 407
kfc 0.0560 358 43 514 100
kfc 0.0431 498 387 528 405
kfc 0.0355 42 384 61 417
kfc 0.0338 60 447 96 464
kfc 0.0282 50 255 71 284
kfc 0.0263 479 282 540 301
kfc 0.0252 42 383 71 407
kfc 0.0247 32 361 51 381
kfc 0.0241 48 468 90 497
kfc 0.0237 71 346 115 365
kfc 0.0231 32 457 61 509
kfc 0.0228 637 332 672 355
kfc 0.0222 7 351 24 409
kfc 0.0216 6 331 23 378
kfc 0.0215 633 337 652 348
kfc 0.0215 3 273 17 337
kfc 0.0214 47 450 75 474
kfc 0.0205 615 342 635 357
kfc 0.0200 9 307 33 339
kfc 0.0200 485 390 505 412
lining 0.0213 337 146 376 157
lining 0.0212 338 146 358 153
nike 0.0343 256 308 318 322
puma 0.0282 618 372 637 386
puma 0.0274 48 337 74 359
puma 0.0247 184 256 205 269
puma 0.0224 3 0 63 126
puma 0.0209 631 367 653 380
puma 0.0205 413 370 434 382
puma 0.0205 186 366 205 378
uniqlo 0.0266 424 500 518 518
uniqlo 0.0248 335 428 355 444
uniqlo 0.0203 26 464 48 497
zara 0.0336 144 0 651 264
