adidas 0.0279 524 21 700 75
adidas 0.0268 135 408 193 431
adidas 0.0204 51 208 169 347
anta 0.0348 80 158 111 178
anta 0.0292 621 165 689 192
anta 0.0252 323 358 377 373
anta 0.0246 175 2 643 31
anta 0.0210 120 5 372 57
apple 0.0252 258 33 321 60
apple 0.0244 436 468 479 510
apple 0.0242 392 441 513 523
apple 0.0226 259 443 373 525
apple 0.0213 0 280 84 409
apple 0.0212 459 437 578 525
hotmaxx 0.3101 441 117 666 182
hotmaxx 0.0484 442 115 575 170
hotmaxx 0.0331 461 336 537 357
hotmaxx 0.0317 141 0 677 269
hotmaxx 0.0273 509 337 556 351
hotmaxx 0.0260 553 264 700 315
hotmaxx 0.0256 526 100 643 155
hotmaxx 0.0253 511 102 692 176
huawei 0.0338 229 279 268 290
huawei 0.0315 0 212 209 262
huawei 0.0273 261 281 291 295
huawei 0.0201 0 318 233 361
kfc 0.0979 548 101 641 151
kfc 0.0559 600 98 660 149
kfc 0.0463 594 343 608 366
kfc 0.0322 155 244 179 269
kfc 0.0302 570 84 675 156
kfc 0.0279 148 230 171 251
kfc 0.0255 419 225 453 243
kfc 0.0255 594 202 633 220
kfc 0.0249 152 246 166 264
kfc 0.0241 446 288 486 302
kfc 0.0205 385 269 405 311
kfc 0.0202 614 341 640 351
lining 0.0351 65 208 101 226
lining 0.0301 313 337 379 356
lining 0.0262 77 182 107 198
lining 0.0254 667 134 693 179
lining 0.0248 220 232 283 255
lining 0.0227 223 455 250 471
lining 0.0220 579 109 690 182
lining 0.0201 383 178 410 194
mcdonalds 0.0349 186 198 244 220
mcdonalds 0.0299 85 292 106 312
mcdonalds 0.0284 227 200 275 220
mcdonalds 0.0283 267 192 289 211
mcdonalds 0.0280 492 222 507 236
mcdonalds 0.0214 88 268 105 287
mcdonalds 0.0210 339 265 357 289
mcdonalds 0.0203 192 221 213 235
nike 0.0388 220 232 283 255
nike 0.0269 33 477 142 525
oppo 0.0321 10 411 201 472
oppo 0.0226 0 0 268 8
puma 0.0974 230 247 277 272
puma 0.0468 103 400 164 433
puma 0.0333 249 242 278 267
puma 0.0322 124 226 158 243
puma 0.0295 115 408 152 442
puma 0.0272 148 230 171 251
puma 0.0267 70 214 113 237
puma 0.0265 233 240 269 260
puma 0.0255 138 245 167 261
puma 0.0251 254 279 286 305
puma 0.0243 156 248 173 272
puma 0.0221 410 215 433 229
puma 0.0217 464 225 485 241
puma 0.0212 119 260 142 278
puma 0.0210 517 245 541 259
puma 0.0204 121 241 144 258
uniqlo 0.0307 152 246 166 264
watsons 0.0208 642 334 692 356
zara 0.0255 141 0 677 269
