adidas 0.0257 573 418 598 432
adidas 0.0211 613 450 700 547
anta 0.0676 309 9 700 52
anta 0.0495 329 8 592 81
anta 0.0400 476 3 696 162
anta 0.0378 210 6 567 44
anta 0.0345 8 629 38 699
anta 0.0337 230 4 448 75
anta 0.0335 339 115 394 139
anta 0.0272 10 634 38 667
anta 0.0222 488 5 700 83
anta 0.0209 595 102 700 239
coco 0.0227 133 501 180 550
hotmaxx 0.5279 318 221 644 303
hotmaxx 0.0870 109 376 169 401
hotmaxx 0.0721 85 208 391 299
hotmaxx 0.0650 87 410 170 437
hotmaxx 0.0505 79 413 137 443
hotmaxx 0.0321 121 184 684 310
hotmaxx 0.0269 79 373 138 404
hotmaxx 0.0245 70 363 197 434
hotmaxx 0.0229 55 385 157 457
hotmaxx 0.0229 123 359 167 381
hotmaxx 0.0210 133 371 195 392
kfc 0.0377 244 217 292 251
kfc 0.0361 109 487 205 582
kfc 0.0303 253 238 296 293
kfc 0.0298 486 467 511 485
kfc 0.0280 485 484 506 500
kfc 0.0276 505 456 533 469
kfc 0.0272 610 453 691 545
kfc 0.0258 262 260 304 291
kfc 0.0237 59 175 127 243
kfc 0.0230 297 230 325 268
kfc 0.0228 123 506 185 559
kfc 0.0214 534 456 561 467
kfc 0.0213 4 147 17 220
kfc 0.0204 64 498 95 513
kfc 0.0200 448 206 534 281
lining 0.0705 481 568 560 599
lining 0.0693 468 560 555 589
lining 0.0296 79 487 100 500
lining 0.0286 449 3 692 193
lining 0.0270 227 383 247 394
lining 0.0270 18 462 47 477
lining 0.0258 497 596 553 626
lining 0.0254 44 0 591 372
lining 0.0238 51 466 77 480
lining 0.0232 193 359 215 375
lining 0.0228 468 554 569 612
lining 0.0225 268 330 285 346
lining 0.0225 117 348 139 360
lining 0.0221 472 355 500 367
mcdonalds 0.0383 79 413 137 443
mcdonalds 0.0364 47 405 74 437
mcdonalds 0.0330 53 376 82 406
mcdonalds 0.0291 487 380 504 390
mcdonalds 0.0265 559 333 576 345
mcdonalds 0.0256 413 396 436 423
mcdonalds 0.0249 153 271 183 297
mcdonalds 0.0249 486 381 518 397
mcdonalds 0.0233 423 381 435 395
mcdonalds 0.0228 81 384 105 419
mcdonalds 0.0207 453 380 467 394
mcdonalds 0.0207 81 418 108 454
naixue 0.2713 592 451 699 552
naixue 0.0422 277 454 492 600
naixue 0.0362 332 465 445 588
naixue 0.0358 279 449 388 609
naixue 0.0346 1 485 59 697
naixue 0.0343 393 487 433 568
naixue 0.0275 3 469 84 618
naixue 0.0215 642 446 700 546
naixue 0.0215 0 474 558 708
naixue 0.0208 75 485 245 599
nike 0.0221 490 9 700 118
oppo 0.0221 139 0 681 353
puma 0.0214 117 7 205 37
puma 0.0212 450 481 469 502
puma 0.0204 138 379 180 399
vivo 0.0275 442 657 473 683
vivo 0.0222 533 414 558 428
vivo 0.0220 478 655 516 682
zara 0.0214 44 0 591 372
