adidas 0.0225 196 603 232 623
adidas 0.0215 194 454 235 479
adidas 0.0208 198 539 232 572
anta 0.0282 563 457 700 568
anta 0.0214 378 507 425 544
hotmaxx 0.2958 127 156 684 304
hotmaxx 0.0303 125 83 645 270
hotmaxx 0.0274 144 0 700 478
hotmaxx 0.0227 124 7 527 70
huawei 0.0548 492 179 700 298
huawei 0.0238 30 384 164 439
huawei 0.0214 65 452 146 472
kfc 0.0251 401 499 440 544
lining 0.0446 350 410 386 425
lining 0.0356 375 503 426 538
lining 0.0349 230 381 266 404
lining 0.0343 116 54 661 198
lining 0.0334 194 362 236 384
lining 0.0316 137 363 200 387
lining 0.0295 290 400 337 420
lining 0.0222 660 355 684 385
lining 0.0220 107 366 173 391
lining 0.0219 29 357 57 381
lining 0.0212 414 369 465 387
lining 0.0203 260 373 306 393
lining 0.0201 463 365 502 386
mcdonalds 0.0249 35 193 75 279
mcdonalds 0.0223 449 433 469 460
naixue 0.0221 41 577 176 810
naixue 0.0213 51 684 177 902
naixue 0.0212 4 635 64 933
naixue 0.0200 0 87 56 379
oppo 0.0226 495 694 562 713
puma 0.0300 211 387 268 429
puma 0.0218 602 171 696 265
vivo 0.0289 431 41 583 87
watsons 0.0284 504 697 553 726
watsons 0.0212 95 501 134 519
watsons 0.0203 40 506 87 526
