adidas 0.0419 506 249 696 617
adidas 0.0331 473 415 570 644
adidas 0.0230 582 353 697 615
adidas 0.0226 433 405 631 622
anta 0.0489 458 378 539 426
anta 0.0331 632 356 668 417
anta 0.0295 0 1 203 77
anta 0.0237 572 237 644 351
anta 0.0206 354 2 555 107
anta 0.0200 341 7 651 75
hotmaxx 0.8533 81 452 234 500
hotmaxx 0.1909 100 138 406 265
hotmaxx 0.0466 79 91 427 231
hotmaxx 0.0345 149 454 212 497
hotmaxx 0.0322 84 385 233 478
hotmaxx 0.0263 6 40 271 247
hotmaxx 0.0238 114 382 377 462
hotmaxx 0.0224 143 0 664 477
hotmaxx 0.0212 197 547 412 635
hotmaxx 0.0211 624 500 675 537
huawei 0.0243 230 104 417 211
huawei 0.0211 560 10 700 150
kfc 0.0475 526 600 566 628
kfc 0.0447 301 546 344 578
kfc 0.0407 0 326 12 461
kfc 0.0377 291 537 342 589
kfc 0.0291 5 352 27 401
kfc 0.0280 300 517 328 562
kfc 0.0225 307 506 340 543
lining 0.1214 190 559 249 592
lining 0.0474 193 550 266 586
lining 0.0305 23 602 64 632
lining 0.0267 187 568 221 600
lining 0.0255 473 390 526 414
lining 0.0254 104 395 179 441
lining 0.0230 0 893 62 926
mcdonalds 0.0448 337 39 374 69
mcdonalds 0.0220 261 450 282 503
mcdonalds 0.0220 235 438 259 472
mcdonalds 0.0211 288 2 437 29
mi 0.0364 111 618 225 835
nike 0.0322 655 361 696 447
nike 0.0223 633 476 659 509
puma 0.0816 582 238 635 341
puma 0.0341 633 369 681 445
puma 0.0333 481 0 700 22
puma 0.0318 579 238 700 462
puma 0.0268 632 357 676 414
puma 0.0222 655 361 696 447
vivo 0.0260 544 851 594 899
