adidas 0.0876 400 33 497 113
anta 0.0347 140 750 184 797
anta 0.0326 517 18 686 129
anta 0.0305 399 14 692 89
anta 0.0265 608 390 689 437
anta 0.0253 137 705 192 736
anta 0.0244 30 355 94 397
anta 0.0229 125 746 188 780
anta 0.0221 264 505 306 543
anta 0.0215 152 730 181 758
anta 0.0213 569 69 700 197
anta 0.0211 0 3 217 76
coco 0.0771 228 269 259 330
coco 0.0247 216 259 269 341
hotmaxx 0.5086 142 95 525 203
hotmaxx 0.0450 385 658 472 677
hotmaxx 0.0421 335 272 541 368
hotmaxx 0.0408 591 339 689 396
hotmaxx 0.0235 154 293 351 381
hotmaxx 0.0230 174 276 484 376
hotmaxx 0.0225 143 0 659 483
hotmaxx 0.0216 563 369 700 465
huawei 0.0223 256 799 330 818
huawei 0.0204 225 351 273 374
kfc 0.2204 216 259 269 341
kfc 0.0658 523 226 565 293
kfc 0.0518 525 252 559 311
kfc 0.0442 185 263 282 359
kfc 0.0426 228 269 259 330
kfc 0.0340 487 516 516 545
kfc 0.0298 589 337 647 388
kfc 0.0266 239 274 293 342
kfc 0.0262 351 255 399 292
kfc 0.0224 150 462 185 487
kfc 0.0213 206 459 233 482
kfc 0.0212 492 508 524 533
kfc 0.0210 218 245 304 354
kfc 0.0209 154 458 188 477
kfc 0.0209 541 220 585 299
kfc 0.0207 0 23 8 189
lining 0.0398 146 269 197 288
lining 0.0241 149 295 189 319
lining 0.0239 560 460 576 475
lining 0.0233 146 281 199 302
lining 0.0232 492 413 530 431
lining 0.0230 522 454 542 472
lining 0.0214 255 407 299 429
lining 0.0208 594 430 623 455
lining 0.0204 648 164 684 197
mcdonalds 0.0355 554 132 587 167
mcdonalds 0.0343 405 90 447 143
mcdonalds 0.0246 224 485 244 517
mcdonalds 0.0221 673 30 693 163
mcdonalds 0.0201 538 215 587 292
nike 0.0216 217 663 435 773
puma 0.0523 281 500 323 552
puma 0.0509 264 510 304 557
puma 0.0442 283 495 333 530
puma 0.0347 598 3 686 49
puma 0.0338 354 499 381 526
puma 0.0280 620 23 667 80
puma 0.0207 550 3 700 36
puma 0.0206 561 8 698 90
puma 0.0205 256 516 302 590
puma 0.0203 348 498 371 535
uniqlo 0.0243 598 326 624 366
uniqlo 0.0243 606 879 695 923
vivo 0.0222 398 900 465 926
watsons 0.0467 117 84 513 222
watsons 0.0263 230 857 530 916
watsons 0.0257 140 846 366 931
zara 0.0205 143 0 659 483
