adidas 0.0227 330 432 381 460
adidas 0.0216 227 129 265 160
anta 0.0260 226 6 586 81
anta 0.0224 418 8 811 84
anta 0.0213 161 3 853 41
apple 0.0210 0 193 645 750
coco 0.3805 603 179 688 256
coco 0.0414 649 414 802 518
coco 0.0234 1014 0 1080 102
coco 0.0206 516 216 563 254
coco 0.0203 712 407 830 531
hm 0.0707 262 184 364 260
huawei 0.7402 370 211 574 244
huawei 0.1464 728 202 892 241
huawei 0.0566 623 44 831 81
huawei 0.0378 275 33 501 85
huawei 0.0338 383 191 577 255
huawei 0.0323 283 235 360 262
huawei 0.0317 197 174 242 195
huawei 0.0267 293 297 368 307
huawei 0.0259 404 240 551 259
huawei 0.0229 678 85 858 114
huawei 0.0224 1003 74 1072 111
kfc 0.0632 602 176 694 257
mcdonalds 0.0245 0 15 201 239
mcdonalds 0.0223 761 344 798 370
mcdonalds 0.0212 700 409 755 453
mi 0.0239 291 190 347 241
naixue 0.0259 831 486 867 552
nike 0.0341 723 585 778 602
nike 0.0260 754 58 1080 166
oppo 0.0322 64 371 168 408
oppo 0.0265 11 387 269 459
puma 0.0293 11 4 101 137
puma 0.0268 0 9 40 86
puma 0.0235 52 390 152 437
puma 0.0233 227 129 265 160
puma 0.0222 13 367 180 467
puma 0.0211 917 426 945 460
puma 0.0210 512 423 548 459
puma 0.0210 177 395 199 426
starburks 0.3528 607 172 690 255
starburks 0.0210 1011 9 1075 118
vivo 0.0261 85 381 174 417
zara 0.0310 238 0 1028 410
zara 0.0254 680 581 777 600
