adidas 0.0319 483 148 502 167
adidas 0.0208 483 171 509 187
adidas 0.0203 47 289 82 300
anta 0.0241 0 2 286 35
anta 0.0240 391 2 601 51
anta 0.0219 471 1 638 65
apple 0.0259 345 205 363 217
apple 0.0221 100 18 220 129
apple 0.0220 4 193 121 328
apple 0.0215 102 5 221 77
hm 0.0260 345 71 469 135
hotmaxx 0.0515 347 91 470 142
hotmaxx 0.0233 131 0 621 259
huawei 0.7436 346 84 468 143
huawei 0.4032 356 100 487 161
huawei 0.0490 364 127 462 142
huawei 0.0435 157 334 286 390
huawei 0.0325 0 191 181 243
huawei 0.0259 0 236 214 287
huawei 0.0245 0 294 199 341
huawei 0.0220 390 120 473 141
huawei 0.0202 541 0 650 80
huawei 0.0201 187 9 402 73
huawei 0.0200 40 28 87 50
lining 0.0393 463 163 491 174
lining 0.0381 485 163 515 176
lining 0.0365 13 297 45 308
lining 0.0346 375 160 421 172
lining 0.0316 103 144 138 158
lining 0.0252 99 108 150 120
lining 0.0222 48 58 84 73
lining 0.0221 8 297 38 315
mcdonalds 0.0759 183 209 267 268
mcdonalds 0.0339 193 220 246 265
mcdonalds 0.0279 204 223 265 256
mcdonalds 0.0273 105 242 125 259
naixue 0.0219 182 338 322 396
nike 0.0212 178 438 281 487
puma 0.0228 49 391 82 408
puma 0.0224 351 307 375 330
puma 0.0223 127 186 152 200
puma 0.0218 0 0 59 113
puma 0.0211 537 284 556 298
watsons 0.0485 184 439 444 474
watsons 0.0240 182 338 322 396
zara 0.0828 347 91 470 142
zara 0.0408 194 223 241 243
zara 0.0312 193 217 261 236
zara 0.0276 131 0 621 259
zara 0.0205 440 317 485 337
