adidas 0.0418 634 105 700 303
adidas 0.0349 676 217 700 298
adidas 0.0255 223 286 464 393
adidas 0.0222 49 251 162 412
anta 0.0381 0 140 56 213
anta 0.0359 357 3 576 61
anta 0.0260 0 157 34 191
anta 0.0254 341 4 684 40
anta 0.0201 368 193 391 205
apple 0.0466 351 306 386 318
apple 0.0346 293 306 334 324
apple 0.0345 296 310 328 340
apple 0.0307 301 342 328 363
apple 0.0262 289 301 328 331
apple 0.0217 0 138 417 521
apple 0.0217 320 182 700 507
apple 0.0211 94 50 126 77
apple 0.0208 417 399 439 414
coco 0.0270 661 236 698 347
hm 0.0494 290 200 323 231
huawei 0.0334 330 253 392 262
huawei 0.0274 303 256 358 266
huawei 0.0260 0 370 230 415
huawei 0.0234 604 3 699 78
huawei 0.0216 373 92 418 101
huawei 0.0203 272 261 319 270
huawei 0.0202 198 375 252 391
kfc 0.0528 656 241 700 345
kfc 0.0210 407 466 447 503
lining 0.0284 369 134 403 145
lining 0.0233 653 28 692 56
mcdonalds 0.0233 451 175 501 200
mcdonalds 0.0226 331 492 374 518
mcdonalds 0.0221 371 493 407 516
mcdonalds 0.0219 517 84 545 97
mi 0.0269 363 35 403 61
mi 0.0259 91 52 132 81
naixue 0.0301 653 217 700 390
naixue 0.0256 538 270 638 392
nike 0.0251 554 434 577 452
nike 0.0246 476 36 700 112
nike 0.0239 522 138 665 222
nike 0.0233 397 51 635 104
nike 0.0230 595 129 698 228
nike 0.0226 130 51 338 116
nike 0.0204 507 71 700 191
nike 0.0203 215 434 442 518
nike 0.0202 202 99 425 159
oppo 0.0223 383 339 429 355
puma 0.0340 73 265 117 291
puma 0.0311 73 274 110 302
puma 0.0279 375 337 418 360
puma 0.0246 258 295 280 321
puma 0.0239 1 3 72 119
puma 0.0234 546 131 596 164
puma 0.0225 167 311 204 329
puma 0.0221 218 282 251 313
puma 0.0219 490 293 513 306
puma 0.0218 221 293 259 339
puma 0.0212 485 295 503 311
puma 0.0205 383 339 429 355
starburks 0.1702 661 236 698 347
starburks 0.0212 662 245 699 301
vivo 0.0496 554 114 587 126
vivo 0.0204 403 342 439 371
vivo 0.0203 367 308 391 317
watsons 0.0516 257 451 414 506
watsons 0.0224 271 502 424 525
zara 0.0542 301 211 409 232
zara 0.0289 158 0 669 286
