adidas 0.0300 183 380 206 405
adidas 0.0257 191 382 212 399
adidas 0.0212 207 362 227 378
adidas 0.0209 222 360 241 369
adidas 0.0205 220 384 241 395
apple 0.0991 480 250 545 285
apple 0.0844 470 243 556 298
apple 0.0552 239 260 272 276
apple 0.0497 411 190 444 228
apple 0.0493 326 196 373 226
apple 0.0487 226 259 253 273
apple 0.0487 438 181 492 197
apple 0.0484 243 51 276 88
apple 0.0461 241 46 333 119
apple 0.0428 437 192 468 212
apple 0.0415 436 186 475 206
apple 0.0343 472 254 522 291
apple 0.0322 212 258 241 280
apple 0.0305 235 58 269 106
apple 0.0295 417 186 443 210
apple 0.0275 390 184 460 245
apple 0.0270 425 268 554 349
apple 0.0262 349 354 368 378
apple 0.0262 476 201 505 214
apple 0.0260 266 51 307 84
apple 0.0258 207 69 246 101
apple 0.0254 428 289 536 413
apple 0.0249 433 215 545 329
apple 0.0237 209 52 237 79
apple 0.0234 454 276 538 304
apple 0.0225 269 261 306 280
apple 0.0214 499 45 538 78
apple 0.0209 414 189 436 217
apple 0.0205 344 366 363 384
apple 0.0203 444 248 610 358
apple 0.0202 465 179 536 200
hotmaxx 0.0558 141 189 300 213
hotmaxx 0.0253 156 200 357 228
hotmaxx 0.0201 508 135 640 192
huawei 0.2051 150 183 302 215
huawei 0.0652 156 200 357 228
huawei 0.0503 491 67 637 159
huawei 0.0497 503 309 543 333
huawei 0.0430 317 5 539 73
huawei 0.0425 315 96 514 144
huawei 0.0419 519 89 640 210
huawei 0.0303 314 53 617 205
huawei 0.0299 113 94 332 141
huawei 0.0297 188 6 412 77
huawei 0.0293 182 52 405 108
huawei 0.0292 451 235 487 245
huawei 0.0286 6 45 202 101
huawei 0.0273 292 16 604 131
huawei 0.0262 497 44 640 110
huawei 0.0261 252 3 480 45
huawei 0.0260 0 84 195 147
huawei 0.0255 370 50 611 99
huawei 0.0253 568 301 607 335
huawei 0.0247 240 95 460 138
huawei 0.0242 280 1 640 24
huawei 0.0234 233 51 498 96
huawei 0.0230 572 311 615 327
huawei 0.0228 190 195 297 212
huawei 0.0222 7 4 201 85
huawei 0.0221 123 340 352 386
huawei 0.0217 568 253 609 281
huawei 0.0211 19 43 74 93
huawei 0.0206 383 5 600 82
huawei 0.0202 61 50 308 99
kfc 0.0284 291 407 325 424
kfc 0.0247 311 404 346 425
kfc 0.0206 180 385 201 407
lining 0.0235 478 280 548 300
mcdonalds 0.0212 72 104 100 130
naixue 0.0346 316 358 342 374
naixue 0.0282 502 86 640 153
naixue 0.0271 0 8 57 170
naixue 0.0268 498 29 640 182
naixue 0.0263 502 36 601 140
naixue 0.0247 554 50 640 165
naixue 0.0247 409 241 432 266
naixue 0.0241 503 328 537 363
naixue 0.0216 409 257 433 283
naixue 0.0205 509 398 640 480
nike 0.0360 287 390 312 398
nike 0.0254 490 242 547 258
oppo 0.0280 574 362 616 376
oppo 0.0248 487 236 558 251
oppo 0.0212 447 304 539 325
oppo 0.0211 567 280 616 297
puma 0.0274 180 385 201 407
puma 0.0265 220 384 241 395
puma 0.0263 560 10 611 35
puma 0.0242 107 257 132 279
puma 0.0228 469 3 569 40
puma 0.0220 68 243 103 281
puma 0.0215 191 382 212 399
vivo 0.0213 603 182 627 200
watsons 0.0435 34 1 410 25
watsons 0.0251 51 4 286 46
watsons 0.0240 152 0 556 23
zara 0.0529 177 189 265 212
zara 0.0489 141 193 308 214
zara 0.0247 135 0 623 266
zara 0.0234 72 51 127 75
zara 0.0233 29 74 78 97
