adidas 0.0311 672 182 744 342
adidas 0.0208 662 110 744 282
apple 0.0394 8 53 129 221
hotmaxx 0.1691 342 113 539 170
hotmaxx 0.0421 347 98 506 151
hotmaxx 0.0204 581 273 744 325
huawei 0.1542 341 110 537 175
huawei 0.0372 344 98 500 155
huawei 0.0246 20 442 251 520
huawei 0.0238 382 151 483 168
huawei 0.0202 0 216 150 278
huawei 0.0202 0 163 134 234
lining 0.0244 212 267 307 287
lining 0.0240 2 537 71 554
lining 0.0218 245 223 322 269
lining 0.0216 589 311 621 324
mcdonalds 0.0266 168 52 202 94
mcdonalds 0.0254 164 63 192 110
mcdonalds 0.0228 163 85 199 128
naixue 0.0891 496 301 563 325
naixue 0.0361 442 331 474 350
naixue 0.0272 503 340 548 360
naixue 0.0254 590 9 744 212
naixue 0.0240 1 46 64 313
naixue 0.0233 594 259 627 282
naixue 0.0217 508 326 556 346
naixue 0.0216 587 13 695 108
naixue 0.0215 595 279 618 302
naixue 0.0206 578 28 700 161
naixue 0.0205 3 376 64 548
nike 0.0423 282 148 547 212
nike 0.0352 208 229 457 284
nike 0.0333 614 153 744 232
nike 0.0315 211 161 487 229
nike 0.0222 201 211 338 245
nike 0.0203 252 216 347 246
oppo 0.0251 647 122 719 144
puma 0.0489 318 383 349 424
puma 0.0375 320 373 364 419
puma 0.0355 302 383 330 405
puma 0.0328 635 365 667 387
puma 0.0275 429 448 450 462
puma 0.0263 1 3 34 59
puma 0.0258 261 364 396 476
puma 0.0248 299 363 380 451
puma 0.0227 179 0 285 8
puma 0.0218 202 379 453 445
puma 0.0211 415 382 442 404
puma 0.0204 236 319 292 352
zara 0.0216 146 0 699 303
zara 0.0214 19 24 86 69
