adidas 0.2178 89 232 240 369
adidas 0.0857 59 198 216 323
anta 0.0357 0 6 212 81
anta 0.0297 196 5 446 93
anta 0.0285 133 2 475 57
anta 0.0274 45 7 377 66
anta 0.0273 68 12 292 101
anta 0.0243 161 17 324 117
anta 0.0212 2 12 234 137
apple 0.0265 486 339 549 428
coco 0.0354 497 344 546 430
huawei 0.2636 78 332 195 358
huawei 0.0704 71 310 172 348
huawei 0.0386 116 320 200 345
huawei 0.0367 93 337 216 368
huawei 0.0318 488 468 538 480
huawei 0.0316 17 352 48 375
huawei 0.0218 584 56 700 214
lining 0.0245 46 437 70 460
lining 0.0213 399 0 566 5
lining 0.0210 139 0 267 13
mcdonalds 0.0212 449 344 474 419
naixue 0.0229 0 290 20 398
oppo 0.0355 89 232 240 369
puma 0.0579 66 448 127 487
puma 0.0297 73 467 108 509
puma 0.0227 0 263 490 933
puma 0.0218 122 598 165 637
puma 0.0203 513 457 552 492
starburks 0.0305 191 440 207 462
vivo 0.0590 94 213 245 348
vivo 0.0435 69 450 98 470
vivo 0.0242 58 330 202 359
vivo 0.0235 74 443 112 459
vivo 0.0225 194 427 220 444
zara 0.0398 143 0 653 477
zara 0.0263 4 393 25 484
zara 0.0246 99 484 174 518
