adidas 0.0951 1600 778 1766 894
adidas 0.0336 524 820 1126 1118
adidas 0.0298 629 874 1046 1069
adidas 0.0280 56 741 307 939
adidas 0.0248 834 759 886 800
adidas 0.0235 1185 1013 1262 1057
adidas 0.0216 1269 962 1391 1043
adidas 0.0211 666 698 962 987
anta 0.0394 1670 157 1839 554
anta 0.0324 992 495 1415 611
anta 0.0318 552 0 1044 15
anta 0.0317 1699 274 1839 653
anta 0.0292 1301 0 1811 139
anta 0.0231 409 891 466 960
anta 0.0212 0 6 551 114
anta 0.0206 1289 50 1839 339
apple 0.0860 1679 380 1830 526
apple 0.0215 1689 400 1798 499
huawei 0.2335 849 203 1451 307
huawei 0.0461 774 192 1230 270
huawei 0.0343 1585 884 1779 922
huawei 0.0323 1385 433 1544 466
huawei 0.0281 1718 462 1826 528
huawei 0.0238 705 185 1512 343
huawei 0.0224 1444 491 1567 514
huawei 0.0201 751 268 1134 304
kfc 0.0211 1600 778 1766 894
lining 0.0213 996 433 1289 527
mcdonalds 0.0338 1372 846 1460 886
mcdonalds 0.0276 499 65 602 115
mcdonalds 0.0210 1367 896 1489 970
naixue 0.0481 148 625 269 683
naixue 0.0399 1608 773 1757 903
naixue 0.0266 111 612 200 678
naixue 0.0257 212 656 288 704
naixue 0.0233 30 1045 760 1276
nike 0.0414 1718 462 1826 528
nike 0.0411 686 207 1412 337
nike 0.0281 1684 382 1830 575
nike 0.0266 1704 395 1832 506
oppo 0.1105 499 1060 1073 1179
oppo 0.0226 46 878 298 947
oppo 0.0211 1169 1033 1287 1086
oppo 0.0209 519 1132 1093 1242
oppo 0.0201 1578 215 1774 271
puma 0.0545 1062 878 1161 965
puma 0.0387 1268 969 1362 1057
puma 0.0332 992 500 1497 607
puma 0.0323 1330 929 1461 1039
puma 0.0307 1684 382 1830 575
puma 0.0305 1071 868 1138 921
puma 0.0263 813 853 864 885
puma 0.0259 1356 1018 1410 1089
puma 0.0256 876 125 970 174
puma 0.0256 480 718 558 771
puma 0.0239 546 825 627 855
puma 0.0235 1349 959 1447 1059
puma 0.0220 843 831 896 852
puma 0.0207 1030 873 1146 941
starburks 0.0280 1600 778 1766 894
vivo 0.0323 1720 557 1807 598
vivo 0.0309 1652 66 1754 171
vivo 0.0259 593 784 654 819
vivo 0.0223 1164 648 1237 678
vivo 0.0216 490 761 550 812
vivo 0.0204 455 692 612 741
vivo 0.0201 1718 462 1826 528
zara 0.0447 103 612 257 672
zara 0.0291 411 705 549 742
