adidas 0.0325 33 180 146 288
adidas 0.0244 218 391 240 402
adidas 0.0239 140 351 171 366
adidas 0.0230 233 160 339 225
adidas 0.0201 448 292 551 351
anta 0.0280 470 286 534 326
anta 0.0278 138 105 226 164
apple 0.0327 264 124 640 429
apple 0.0265 0 96 378 429
coco 0.0401 187 410 263 428
coco 0.0254 163 407 223 426
hotmaxx 0.0216 100 0 640 307
huawei 0.2267 190 173 314 205
huawei 0.0407 208 172 356 219
huawei 0.0307 216 205 303 215
huawei 0.0293 433 139 483 160
huawei 0.0234 136 159 174 174
huawei 0.0234 197 179 237 200
huawei 0.0209 179 145 305 208
kfc 0.0282 498 364 538 382
kfc 0.0236 509 372 536 386
lining 0.0504 323 59 444 104
lining 0.0327 466 292 632 338
lining 0.0326 470 281 576 326
lining 0.0212 347 61 405 94
naixue 0.0332 24 210 72 255
naixue 0.0273 13 200 76 275
naixue 0.0228 1 231 21 286
naixue 0.0228 71 221 95 252
naixue 0.0213 137 210 165 238
naixue 0.0208 314 319 342 335
naixue 0.0200 5 213 42 259
nike 0.0396 157 45 432 155
nike 0.0347 256 298 455 342
nike 0.0273 469 267 608 332
nike 0.0222 133 194 615 429
puma 0.0476 219 67 478 127
puma 0.0382 479 283 634 422
puma 0.0334 157 45 432 155
puma 0.0251 240 112 271 141
puma 0.0228 403 387 446 405
puma 0.0224 347 313 364 330
puma 0.0209 227 103 274 136
puma 0.0202 74 359 89 371
vivo 0.0255 484 407 586 428
zara 0.2379 190 173 314 205
zara 0.0203 140 351 171 366
