adidas 0.0617 297 77 612 289
adidas 0.0240 808 393 970 561
anta 0.0239 0 4 357 59
anta 0.0202 706 3 1098 80
apple 0.1254 297 77 612 289
apple 0.0217 291 167 381 230
huawei 0.4091 297 287 599 340
huawei 0.0669 595 274 642 298
huawei 0.0326 275 282 529 322
huawei 0.0256 584 358 637 373
huawei 0.0228 565 239 630 259
lining 0.0260 319 225 531 255
mcdonalds 0.0203 331 24 390 58
naixue 0.0472 1073 59 1195 318
naixue 0.0326 956 217 1104 401
naixue 0.0278 1100 132 1200 439
naixue 0.0223 948 285 1106 461
naixue 0.0218 969 80 1109 300
nike 0.0223 1112 483 1183 519
oppo 0.0280 277 239 543 318
puma 0.0298 317 571 361 610
puma 0.0266 350 567 400 583
puma 0.0262 325 545 358 571
puma 0.0251 1088 447 1146 513
puma 0.0249 1120 471 1190 531
puma 0.0241 326 508 356 538
puma 0.0240 322 571 374 596
puma 0.0237 1133 465 1186 566
puma 0.0236 255 545 295 620
puma 0.0227 1096 143 1142 217
puma 0.0224 357 532 395 547
puma 0.0223 335 539 382 559
puma 0.0203 1152 337 1197 443
puma 0.0201 1085 461 1144 546
uniqlo 0.0227 0 0 1200 605
vivo 0.0483 277 239 543 318
watsons 0.0227 675 650 1147 696
zara 0.0372 40 413 83 432
zara 0.0283 16 604 63 637
zara 0.0279 933 339 1067 370
zara 0.0277 785 376 857 393
zara 0.0256 33 453 75 479
zara 0.0224 29 380 82 399
