adidas 0.0249 1801 15 2016 425
adidas 0.0238 939 346 1100 441
apple 0.0339 939 449 2016 1492
apple 0.0214 748 1247 1101 1512
apple 0.0202 0 384 1206 1493
coco 0.0417 959 370 1126 587
hotmaxx 0.0988 1134 853 1335 957
hotmaxx 0.0829 1721 918 1992 1025
hotmaxx 0.0478 1130 843 1326 912
hotmaxx 0.0235 1080 1273 1205 1318
hotmaxx 0.0220 396 0 2016 982
hotmaxx 0.0218 1534 759 2016 901
huawei 0.0308 1110 856 1361 956
kfc 0.9264 912 367 1152 613
kfc 0.6784 957 410 1220 666
kfc 0.0405 757 1066 818 1094
kfc 0.0390 975 1183 1012 1214
kfc 0.0317 1188 861 1339 962
kfc 0.0247 1000 1277 1117 1322
kfc 0.0241 983 1142 1061 1166
kfc 0.0232 1280 687 1355 762
kfc 0.0231 1154 1266 1242 1312
kfc 0.0229 1102 1205 1148 1235
kfc 0.0217 1106 1235 1176 1285
kfc 0.0207 1280 637 1413 720
lining 0.0281 949 269 1092 331
lining 0.0209 939 346 1100 441
lining 0.0200 1554 745 2016 910
mcdonalds 0.0438 742 827 865 910
mi 0.0203 1134 853 1335 957
naixue 0.7259 1744 57 1988 375
naixue 0.1209 1775 144 2006 467
naixue 0.0338 1614 548 1727 637
naixue 0.0323 1890 44 2001 367
naixue 0.0312 1756 439 2003 632
naixue 0.0288 1793 518 1957 638
naixue 0.0208 1797 478 1964 585
puma 0.0523 1495 1195 1546 1248
puma 0.0505 764 1123 820 1158
puma 0.0429 779 1137 828 1200
puma 0.0294 1499 713 1871 881
puma 0.0291 976 1145 1003 1163
puma 0.0285 1440 728 1529 788
puma 0.0272 772 1102 837 1147
puma 0.0264 542 1134 592 1212
puma 0.0245 975 1183 1012 1214
puma 0.0244 777 1117 828 1171
puma 0.0244 706 1136 766 1177
puma 0.0237 334 231 388 267
puma 0.0227 1500 442 1541 496
puma 0.0215 154 10 442 318
puma 0.0209 613 654 678 704
uniqlo 0.1950 1134 853 1335 957
zara 0.0991 1110 856 1361 956
zara 0.0309 35 1068 127 1104
zara 0.0265 394 0 1903 837
zara 0.0250 1743 933 1997 1017
