adidas 0.0280 45 373 243 434
adidas 0.0220 2 604 38 632
anta 0.0541 52 63 256 308
anta 0.0276 0 4 143 61
anta 0.0263 103 320 116 356
hotmaxx 0.0273 219 365 408 437
hotmaxx 0.0258 16 10 53 51
hotmaxx 0.0257 92 31 480 462
huawei 0.0690 36 286 104 388
kfc 0.9683 284 70 441 278
kfc 0.9329 15 275 80 371
kfc 0.2047 295 80 480 414
kfc 0.1729 401 390 420 437
kfc 0.0793 41 253 100 411
kfc 0.0487 392 383 454 444
kfc 0.0390 431 392 465 441
kfc 0.0366 26 271 56 355
lining 0.0806 314 13 361 37
lining 0.0592 28 26 264 198
lining 0.0488 305 4 395 25
lining 0.0325 2 604 38 632
lining 0.0305 12 14 227 129
lining 0.0280 33 13 221 73
lining 0.0268 39 56 269 121
lining 0.0252 13 8 115 61
lining 0.0226 38 6 332 50
lining 0.0224 382 353 396 367
lining 0.0222 376 548 403 578
lining 0.0214 28 249 55 271
mcdonalds 0.0335 414 76 473 240
mcdonalds 0.0312 381 490 396 517
mcdonalds 0.0298 382 509 404 541
mcdonalds 0.0276 52 456 71 493
mcdonalds 0.0240 366 476 385 496
mcdonalds 0.0218 382 520 400 547
mcdonalds 0.0211 358 344 372 354
mcdonalds 0.0211 158 577 176 618
naixue 0.0254 182 511 246 639
naixue 0.0237 0 274 68 362
nike 0.0406 404 21 474 143
nike 0.0313 0 163 75 275
nike 0.0215 204 90 225 113
nike 0.0206 0 188 123 250
puma 0.0245 205 507 215 519
puma 0.0238 2 604 38 632
puma 0.0233 385 465 397 481
puma 0.0221 144 476 165 502
puma 0.0221 426 9 474 108
puma 0.0201 397 14 429 57
vivo 0.0333 250 493 272 510
vivo 0.0224 237 557 261 579
vivo 0.0210 255 507 270 525
watsons 0.0257 38 6 332 50
zara 0.1878 219 365 408 437
zara 0.0331 6 302 111 387
