adidas 0.0316 63 224 87 240
adidas 0.0283 274 211 303 224
anta 0.0427 0 1 201 20
anta 0.0391 244 89 261 101
anta 0.0300 0 1 138 35
anta 0.0266 324 122 416 199
anta 0.0244 119 2 273 32
anta 0.0233 246 0 396 30
anta 0.0221 343 37 417 104
anta 0.0217 269 114 375 155
anta 0.0215 226 0 417 16
anta 0.0208 97 1 365 17
coco 0.0211 273 244 283 251
hotmaxx 0.0252 91 0 390 151
huawei 0.0228 0 115 90 155
kfc 0.6803 99 83 173 157
kfc 0.4100 92 75 148 145
kfc 0.0387 112 271 133 292
kfc 0.0360 185 132 222 165
kfc 0.0311 176 129 247 171
kfc 0.0268 32 64 47 76
kfc 0.0216 31 170 40 181
kfc 0.0208 28 62 40 96
kfc 0.0201 31 79 45 92
lining 0.0281 221 205 254 214
lining 0.0248 334 236 345 241
lining 0.0240 271 206 282 215
lining 0.0229 281 205 301 214
lining 0.0229 269 198 289 208
lining 0.0216 220 203 236 212
mcdonalds 0.0498 87 44 129 64
mcdonalds 0.0469 49 26 65 39
mcdonalds 0.0368 71 50 90 64
mcdonalds 0.0322 55 36 74 50
mcdonalds 0.0309 91 48 113 65
mcdonalds 0.0273 159 202 171 211
mcdonalds 0.0258 176 129 247 171
mcdonalds 0.0241 68 38 93 50
mcdonalds 0.0238 65 53 87 69
mcdonalds 0.0212 71 47 104 61
mcdonalds 0.0209 56 34 84 47
mcdonalds 0.0201 245 218 256 225
naixue 0.0224 0 246 88 299
naixue 0.0218 196 247 261 299
naixue 0.0217 0 218 39 299
naixue 0.0214 356 241 408 295
naixue 0.0211 47 245 164 299
naixue 0.0201 276 251 417 299
nike 0.0307 289 112 415 175
nike 0.0228 317 165 410 217
vivo 0.0277 301 278 330 297
vivo 0.0258 125 13 153 24
zara 0.0263 91 0 390 151
