adidas 0.0326 832 259 891 284
adidas 0.0280 574 343 605 376
adidas 0.0241 589 636 646 681
adidas 0.0227 848 125 898 149
anta 0.0262 388 4 760 71
apple 0.0315 579 542 727 670
apple 0.0271 5 67 175 267
apple 0.0269 462 585 637 716
apple 0.0264 264 589 436 707
apple 0.0239 534 491 688 631
apple 0.0223 264 230 320 272
apple 0.0222 56 541 238 694
huawei 0.0376 118 283 406 351
huawei 0.0326 249 301 320 325
huawei 0.0304 507 9 842 118
huawei 0.0264 0 421 297 488
huawei 0.0242 121 220 403 291
huawei 0.0219 0 359 287 433
huawei 0.0212 806 514 1000 677
huawei 0.0204 450 1 1000 38
huawei 0.0200 11 561 307 666
kfc 0.2310 441 201 533 318
kfc 0.0209 438 206 498 290
lining 0.0319 710 111 828 141
lining 0.0311 583 458 626 471
lining 0.0229 759 116 880 139
lining 0.0220 903 5 999 31
lining 0.0201 507 121 577 153
mcdonalds 0.0222 797 229 831 243
naixue 0.0228 315 260 369 314
nike 0.0439 541 561 578 590
nike 0.0252 567 564 637 629
nike 0.0213 647 652 793 716
oppo 0.0234 556 3 1000 46
oppo 0.0214 792 679 839 705
puma 0.0427 586 5 747 65
puma 0.0414 588 339 608 362
puma 0.0360 838 250 873 282
puma 0.0254 445 197 485 258
puma 0.0253 2 0 82 186
puma 0.0250 169 636 228 672
puma 0.0232 59 0 247 134
puma 0.0212 853 350 886 391
puma 0.0208 248 0 429 8
puma 0.0206 597 325 627 346
uniqlo 0.0205 4 162 36 193
vivo 0.0251 734 692 898 716
zara 0.0477 208 0 965 389
zara 0.0390 112 230 188 248
zara 0.0301 60 231 139 251
zara 0.0250 62 200 131 221
zara 0.0234 24 533 57 555
zara 0.0206 245 197 286 213
