adidas 0.0261 579 424 621 444
adidas 0.0228 0 82 29 117
adidas 0.0214 334 392 360 412
anta 0.0319 0 2 334 32
anta 0.0264 0 2 217 59
anta 0.0228 141 1 361 50
anta 0.0206 491 0 700 61
anta 0.0200 378 1 700 30
apple 0.0260 516 62 554 93
apple 0.0244 475 27 522 71
apple 0.0241 298 84 325 116
apple 0.0209 115 391 222 500
coco 0.0576 23 166 82 236
hotmaxx 0.0583 76 192 258 251
huawei 0.0444 3 364 210 416
huawei 0.0249 194 108 431 148
huawei 0.0226 575 0 700 91
huawei 0.0223 207 30 273 52
huawei 0.0223 555 46 700 108
huawei 0.0217 217 369 435 426
kfc 0.6998 22 170 82 232
kfc 0.0543 27 169 164 234
kfc 0.0508 23 186 70 222
lining 0.0380 381 260 410 268
lining 0.0284 0 504 64 519
lining 0.0247 29 176 83 204
lining 0.0229 511 282 538 289
lining 0.0226 37 141 87 160
lining 0.0225 480 187 517 203
lining 0.0211 259 279 308 291
mcdonalds 0.0203 614 484 660 514
naixue 0.0911 533 181 595 221
naixue 0.0496 608 179 656 223
naixue 0.0391 483 192 523 223
naixue 0.0341 526 170 633 229
naixue 0.0221 446 188 700 308
nike 0.0369 0 93 134 160
nike 0.0277 578 420 631 440
nike 0.0257 576 444 635 458
nike 0.0255 9 100 247 147
nike 0.0204 494 387 530 400
oppo 0.0222 123 421 156 429
puma 0.0380 458 423 487 432
puma 0.0311 228 338 264 352
puma 0.0282 515 422 541 455
puma 0.0253 452 410 470 421
puma 0.0252 75 352 92 367
puma 0.0245 376 303 400 322
puma 0.0242 491 427 527 448
puma 0.0232 298 396 329 426
puma 0.0232 143 81 182 126
puma 0.0231 300 384 333 416
puma 0.0226 219 319 252 331
puma 0.0217 150 103 183 137
puma 0.0212 503 287 525 303
puma 0.0212 514 283 540 296
puma 0.0211 377 292 403 309
puma 0.0210 488 432 516 451
puma 0.0210 450 395 475 409
puma 0.0208 504 425 537 442
vivo 0.0385 212 273 264 285
vivo 0.0243 370 472 419 491
watsons 0.0244 543 463 666 518
zara 0.0460 146 0 668 271
zara 0.0329 76 192 258 251
