anta 0.0437 238 115 273 156
anta 0.0275 114 2 327 41
anta 0.0270 392 358 600 389
anta 0.0233 77 1 486 20
apple 0.0246 0 62 322 342
hm 0.3171 154 110 270 162
hm 0.0250 169 125 286 177
huawei 0.0243 31 239 53 276
huawei 0.0218 508 1 600 54
kfc 0.9373 427 175 543 295
kfc 0.0282 441 169 522 260
lining 0.0325 140 189 158 195
lining 0.0238 147 182 175 189
mcdonalds 0.0380 75 157 96 179
mcdonalds 0.0269 156 124 200 164
mcdonalds 0.0240 165 105 193 121
naixue 0.0205 350 174 386 188
nike 0.0700 169 125 286 177
nike 0.0210 25 85 89 101
oppo 0.0227 332 1 600 22
puma 0.0231 94 193 110 210
puma 0.0219 29 225 49 269
watsons 0.0421 99 358 316 393
watsons 0.0240 157 362 401 392
zara 0.0334 169 125 286 177
zara 0.0329 19 250 48 266
zara 0.0268 22 233 49 251
zara 0.0221 8 230 38 258
zara 0.0221 129 0 581 213
