adidas 0.0585 469 111 590 164
anta 0.0309 171 2 456 28
anta 0.0301 3 355 31 386
anta 0.0255 256 2 392 58
anta 0.0238 124 2 311 44
anta 0.0218 13 356 37 373
coco 0.0421 305 131 342 171
coco 0.0295 300 125 359 202
coco 0.0284 416 382 460 397
huawei 0.0248 515 1 600 55
huawei 0.0224 8 123 190 158
huawei 0.0220 126 239 170 247
kfc 0.9008 291 127 387 209
kfc 0.2497 310 145 408 219
kfc 0.0953 102 180 164 217
kfc 0.0743 310 140 372 202
kfc 0.0426 147 184 199 212
kfc 0.0419 34 281 65 344
kfc 0.0375 180 188 225 206
kfc 0.0371 89 177 141 215
kfc 0.0365 506 213 541 238
kfc 0.0353 84 178 208 222
kfc 0.0254 68 284 81 306
kfc 0.0224 74 190 96 222
kfc 0.0214 71 172 89 202
kfc 0.0209 67 298 82 323
kfc 0.0206 40 186 60 230
lining 0.0217 352 241 390 248
mcdonalds 0.0252 440 257 458 272
mcdonalds 0.0251 451 254 466 283
mcdonalds 0.0243 234 239 256 271
mcdonalds 0.0227 455 204 469 221
mcdonalds 0.0224 101 326 128 348
mi 0.0330 101 326 128 348
naixue 0.0352 386 10 470 55
naixue 0.0225 534 103 568 135
oppo 0.0201 10 3 138 11
puma 0.0293 452 361 478 376
puma 0.0275 144 319 162 330
puma 0.0221 261 159 281 175
puma 0.0216 387 305 401 322
puma 0.0203 287 264 307 276
puma 0.0203 429 317 455 332
uniqlo 0.0307 29 291 65 347
watsons 0.0202 10 3 138 11
zara 0.0246 10 13 125 42
