adidas 0.0444 30 389 73 417
adidas 0.0322 0 318 302 429
adidas 0.0281 3 353 35 423
adidas 0.0230 1 336 69 480
anta 0.0327 106 418 150 430
anta 0.0284 0 2 212 44
anta 0.0240 373 7 538 72
apple 0.0211 507 21 561 64
coco 0.0367 363 194 412 237
coco 0.0358 373 186 402 206
coco 0.0297 276 7 356 75
coco 0.0279 256 10 294 46
coco 0.0272 315 16 361 74
coco 0.0252 547 51 588 86
coco 0.0230 298 173 342 205
hotmaxx 0.0430 549 234 700 315
hotmaxx 0.0357 134 7 700 342
hotmaxx 0.0267 130 41 399 104
hotmaxx 0.0265 535 308 700 364
huawei 0.0247 0 154 156 225
kfc 0.4869 563 164 655 287
kfc 0.1429 579 186 634 252
kfc 0.0885 167 154 335 247
kfc 0.0821 571 179 607 241
kfc 0.0544 256 3 358 80
kfc 0.0359 668 254 700 305
kfc 0.0347 548 77 693 319
kfc 0.0322 477 87 533 143
kfc 0.0304 151 137 278 231
kfc 0.0232 526 316 550 335
kfc 0.0218 651 224 690 247
lining 0.0230 407 57 464 93
lining 0.0225 366 183 417 204
lining 0.0219 566 144 599 170
lining 0.0205 262 308 287 318
lining 0.0204 185 128 224 146
mcdonalds 0.0328 522 328 536 345
mcdonalds 0.0312 507 97 548 134
mcdonalds 0.0288 504 365 523 386
mcdonalds 0.0266 662 7 688 94
mcdonalds 0.0232 68 488 117 516
mcdonalds 0.0210 494 92 554 153
mcdonalds 0.0206 193 336 218 344
mi 0.0208 594 11 692 83
naixue 0.0448 594 11 692 83
naixue 0.0437 502 95 548 158
naixue 0.0377 548 77 693 319
naixue 0.0320 75 430 266 525
naixue 0.0213 552 58 581 93
nike 0.0251 547 419 571 433
nike 0.0200 396 91 461 122
oppo 0.0335 493 463 595 495
oppo 0.0285 476 6 600 50
oppo 0.0219 107 391 160 402
puma 0.0262 0 395 32 452
puma 0.0242 519 366 543 399
puma 0.0236 517 337 546 362
puma 0.0210 341 414 357 423
puma 0.0203 2 363 84 508
uniqlo 0.3101 557 166 658 312
uniqlo 0.0370 543 108 690 335
uniqlo 0.0342 624 44 678 100
vivo 0.0305 538 19 589 41
vivo 0.0226 432 399 455 410
watsons 0.0279 103 18 537 102
watsons 0.0268 135 2 276 37
watsons 0.0244 634 79 699 114
