adidas 0.0279 300 278 323 293
adidas 0.0276 309 247 332 259
adidas 0.0241 311 241 326 254
adidas 0.0235 434 303 458 317
anta 0.0226 562 3 800 50
anta 0.0224 381 4 669 46
huawei 0.0386 199 217 274 226
kfc 0.9826 144 33 308 177
kfc 0.0221 696 90 763 130
kfc 0.0209 592 105 645 154
kfc 0.0205 177 332 197 343
kfc 0.0204 181 328 206 337
kfc 0.0203 388 423 435 444
lining 0.0231 119 8 184 27
lining 0.0214 64 320 93 327
lining 0.0212 57 324 82 334
lining 0.0200 497 175 533 182
mcdonalds 0.0357 516 258 540 269
mcdonalds 0.0296 603 52 657 67
mcdonalds 0.0282 599 69 631 82
mcdonalds 0.0265 216 378 263 416
mcdonalds 0.0225 638 48 667 64
mcdonalds 0.0225 425 83 463 96
mcdonalds 0.0215 138 282 157 295
mcdonalds 0.0205 633 78 668 86
mcdonalds 0.0200 92 290 116 308
naixue 0.1745 506 85 778 185
naixue 0.0858 528 92 670 188
naixue 0.0391 683 90 790 194
naixue 0.0367 316 326 444 414
naixue 0.0352 215 329 333 426
naixue 0.0335 683 78 775 149
naixue 0.0306 718 268 799 423
naixue 0.0262 308 302 780 444
naixue 0.0256 600 31 794 179
naixue 0.0213 141 338 254 433
nike 0.0221 151 366 187 380
puma 0.0447 522 355 556 377
puma 0.0337 138 374 167 392
puma 0.0295 0 9 29 47
puma 0.0292 246 371 267 389
puma 0.0281 311 276 337 288
puma 0.0265 300 278 323 293
puma 0.0263 218 365 264 385
puma 0.0248 663 267 685 278
puma 0.0229 249 365 290 385
puma 0.0223 463 325 491 340
puma 0.0222 183 257 199 268
puma 0.0215 471 355 511 378
puma 0.0212 649 326 663 341
puma 0.0207 263 358 303 377
puma 0.0204 462 342 490 367
starburks 0.1328 53 231 98 277
uniqlo 0.0271 491 87 774 178
vivo 0.0602 205 191 274 214
vivo 0.0231 214 265 241 273
watsons 0.0207 242 391 467 442
zara 0.0551 205 191 274 214
