anta 0.0361 147 123 240 185
anta 0.0322 0 12 38 236
anta 0.0269 12 392 90 424
anta 0.0231 228 9 410 64
anta 0.0208 0 3 202 47
anta 0.0205 29 396 191 508
apple 0.0274 137 122 226 185
apple 0.0259 146 152 177 182
hotmaxx 0.0483 209 312 418 387
huawei 0.0350 163 180 393 226
huawei 0.0278 0 184 158 254
huawei 0.0274 57 72 126 99
huawei 0.0259 231 75 271 89
huawei 0.0257 210 35 285 57
huawei 0.0243 378 250 475 414
huawei 0.0228 205 76 241 92
lining 0.3581 36 395 184 450
lining 0.0444 12 392 134 431
lining 0.0339 333 519 358 531
lining 0.0324 91 399 155 431
lining 0.0276 8 397 194 486
lining 0.0260 215 169 285 203
lining 0.0258 153 147 398 210
lining 0.0234 2 485 20 513
lining 0.0217 321 5 436 17
lining 0.0216 358 463 378 480
lining 0.0200 381 516 398 526
mcdonalds 0.0243 367 608 425 638
mcdonalds 0.0226 305 312 316 324
mcdonalds 0.0217 231 296 254 312
mcdonalds 0.0205 210 309 229 353
nike 0.1024 58 398 150 430
nike 0.0270 88 373 173 428
nike 0.0249 14 571 103 640
nike 0.0230 0 388 149 451
nike 0.0201 183 451 386 498
nike 0.0200 1 414 88 532
oppo 0.0318 163 180 393 226
puma 0.0322 386 288 401 309
puma 0.0255 396 307 412 327
puma 0.0241 38 28 100 207
puma 0.0232 0 12 38 236
puma 0.0228 0 29 68 181
puma 0.0206 415 309 440 334
zara 0.0691 163 180 393 226
zara 0.0340 335 538 398 605
zara 0.0242 348 546 391 578
zara 0.0221 161 118 209 140
