adidas 0.0243 0 236 101 540
adidas 0.0201 154 188 435 375
anta 0.0446 795 150 1075 248
anta 0.0392 894 51 1070 214
coco 0.1298 558 125 628 185
coco 0.0352 436 783 637 810
coco 0.0319 315 783 518 810
coco 0.0232 299 113 425 186
coco 0.0219 333 166 396 208
coco 0.0212 536 780 760 810
hotmaxx 0.1523 318 142 779 226
hotmaxx 0.0232 182 12 1080 428
huawei 0.0302 318 142 779 226
kfc 0.0628 174 376 234 426
kfc 0.0569 817 516 883 556
kfc 0.0430 240 364 296 440
kfc 0.0407 580 399 647 430
kfc 0.0389 574 105 765 197
kfc 0.0338 276 383 335 431
kfc 0.0304 274 387 309 443
kfc 0.0297 216 197 270 258
kfc 0.0294 189 185 326 289
kfc 0.0292 231 189 266 238
kfc 0.0286 181 376 206 405
kfc 0.0281 34 599 90 632
kfc 0.0246 551 125 636 184
kfc 0.0228 413 488 440 521
kfc 0.0222 571 365 613 398
kfc 0.0221 621 410 651 438
kfc 0.0204 225 218 273 275
kfc 0.0202 284 444 316 474
kfc 0.0201 803 509 867 565
lining 0.7795 647 141 937 230
lining 0.3172 645 107 924 188
lining 0.0245 692 60 1080 237
lining 0.0236 858 316 930 333
lining 0.0215 809 329 855 346
mcdonalds 0.0346 746 341 784 359
mcdonalds 0.0231 451 170 500 211
mcdonalds 0.0225 750 305 786 321
mcdonalds 0.0212 694 335 736 355
mcdonalds 0.0212 110 131 162 177
nike 0.0482 668 107 937 189
nike 0.0337 765 77 942 171
nike 0.0331 755 123 917 190
puma 0.0523 280 248 350 302
puma 0.0349 118 230 169 268
puma 0.0315 113 348 156 389
puma 0.0310 171 427 218 461
puma 0.0309 186 219 232 279
puma 0.0308 178 207 238 260
puma 0.0290 421 337 470 377
puma 0.0275 372 407 407 435
puma 0.0273 451 285 481 315
puma 0.0273 492 428 532 459
puma 0.0263 171 251 212 311
puma 0.0250 697 411 721 434
puma 0.0248 181 376 206 405
puma 0.0248 280 301 362 334
puma 0.0245 600 521 640 550
puma 0.0244 751 487 778 512
puma 0.0241 820 480 861 498
puma 0.0235 353 348 412 380
puma 0.0235 172 439 204 469
puma 0.0234 762 477 802 495
puma 0.0233 864 363 923 433
puma 0.0231 510 401 547 427
puma 0.0228 357 415 386 443
puma 0.0226 388 398 423 420
puma 0.0224 362 291 420 347
puma 0.0220 147 390 193 424
puma 0.0213 694 378 726 398
puma 0.0212 484 515 522 549
puma 0.0211 341 295 402 351
puma 0.0211 170 493 205 527
puma 0.0207 491 481 528 509
puma 0.0206 952 299 1080 471
puma 0.0205 816 369 842 387
puma 0.0204 724 480 753 500
puma 0.0202 209 361 249 379
puma 0.0201 174 376 234 426
starburks 0.0206 519 395 548 441
watsons 0.0308 104 744 470 802
watsons 0.0219 692 60 1080 237
zara 0.0365 200 0 1034 413
