adidas 0.0226 915 23 1140 274
adidas 0.0200 666 735 890 1018
anta 0.0417 626 79 748 142
anta 0.0405 343 10 770 173
anta 0.0381 291 13 970 107
anta 0.0253 534 21 796 212
anta 0.0252 0 14 368 141
anta 0.0246 95 469 361 631
hotmaxx 0.0234 917 484 1200 631
lining 0.3291 125 524 590 705
lining 0.0806 434 909 517 958
lining 0.0730 425 888 512 927
lining 0.0411 464 579 568 652
lining 0.0400 95 469 361 631
lining 0.0392 453 840 494 888
lining 0.0345 150 582 621 876
lining 0.0212 572 13 908 54
nike 0.1181 314 570 530 678
nike 0.0294 146 432 607 734
nike 0.0288 391 572 531 656
nike 0.0233 571 639 1000 805
nike 0.0202 179 170 651 339
oppo 0.0283 673 159 1148 307
puma 0.0239 20 1402 93 1514
puma 0.0238 700 855 772 900
puma 0.0235 778 861 850 901
puma 0.0207 652 360 703 413
vivo 0.0419 434 909 517 958
vivo 0.0347 329 766 400 813
vivo 0.0266 453 840 494 888
vivo 0.0264 316 820 361 871
vivo 0.0242 664 280 742 331
vivo 0.0231 322 782 379 842
watsons 0.0220 703 143 1125 321
watsons 0.0201 650 17 1200 133
