adidas 0.0298 540 213 586 245
adidas 0.0278 306 149 333 159
adidas 0.0234 194 222 214 242
adidas 0.0218 205 224 227 238
adidas 0.0200 305 157 323 165
anta 0.0535 459 117 531 148
anta 0.0485 347 129 534 162
anta 0.0273 537 5 637 59
anta 0.0258 557 58 640 161
anta 0.0227 559 12 626 43
anta 0.0215 478 123 640 169
anta 0.0208 194 1 640 22
huawei 0.4292 340 114 478 134
huawei 0.0343 327 111 516 148
huawei 0.0301 0 39 234 81
huawei 0.0220 210 345 383 394
huawei 0.0203 0 5 133 71
huawei 0.0201 0 16 139 116
kfc 0.0313 537 216 573 235
kfc 0.0257 544 218 593 240
kfc 0.0216 274 199 303 232
lining 0.1025 459 117 531 148
lining 0.0361 359 129 528 161
lining 0.0284 4 183 29 204
lining 0.0247 384 212 588 258
mcdonalds 0.0330 163 398 211 419
mcdonalds 0.0276 415 144 437 158
mcdonalds 0.0206 197 194 227 230
mcdonalds 0.0203 577 174 597 189
nike 0.0605 347 129 534 162
nike 0.0244 196 221 234 242
nike 0.0229 556 10 623 43
nike 0.0219 139 186 593 422
nike 0.0208 585 21 627 46
puma 0.0340 279 282 305 296
puma 0.0337 537 216 573 235
puma 0.0316 338 196 354 210
puma 0.0296 515 221 535 230
puma 0.0294 205 147 229 158
puma 0.0285 241 188 275 202
puma 0.0279 530 216 553 225
puma 0.0255 232 277 273 290
puma 0.0250 344 186 366 198
puma 0.0250 238 285 261 297
puma 0.0243 50 158 85 173
puma 0.0241 279 189 303 209
puma 0.0230 444 212 472 222
puma 0.0228 72 316 92 336
puma 0.0220 303 181 328 208
vivo 0.0226 376 222 395 230
zara 0.0290 340 114 478 134
zara 0.0283 127 0 620 224
