adidas 0.0924 25 351 306 559
adidas 0.0431 607 364 692 434
adidas 0.0417 108 327 256 549
adidas 0.0297 459 427 519 467
adidas 0.0295 548 572 601 600
adidas 0.0264 532 572 583 606
adidas 0.0263 629 320 704 349
adidas 0.0259 118 365 382 550
adidas 0.0249 306 360 453 548
adidas 0.0240 0 315 122 562
adidas 0.0225 587 334 837 599
adidas 0.0225 0 299 388 523
adidas 0.0205 0 373 34 474
anta 0.0309 0 5 457 56
anta 0.0264 0 5 326 90
anta 0.0242 787 69 949 114
anta 0.0220 44 3 699 44
anta 0.0214 317 3 675 77
hotmaxx 0.0253 616 561 720 582
hotmaxx 0.0211 234 5 1080 489
huawei 0.0293 616 561 720 582
huawei 0.0249 412 135 548 257
huawei 0.0209 618 355 696 427
huawei 0.0208 424 161 559 221
kfc 0.0376 654 457 739 530
kfc 0.0323 523 258 1080 809
kfc 0.0286 741 474 793 537
kfc 0.0244 0 101 622 694
kfc 0.0240 630 337 778 574
lining 0.2614 787 69 949 114
lining 0.0421 3 437 67 480
lining 0.0325 459 575 653 682
lining 0.0217 33 428 113 471
lining 0.0215 0 3 283 20
lining 0.0210 11 437 83 464
mcdonalds 0.0324 794 234 876 318
mcdonalds 0.0252 803 464 838 535
mcdonalds 0.0247 766 435 802 483
mcdonalds 0.0246 760 439 788 494
mcdonalds 0.0205 802 414 841 496
naixue 0.0612 429 143 536 242
naixue 0.0318 445 136 523 187
naixue 0.0281 487 358 1080 810
naixue 0.0250 420 172 478 222
naixue 0.0237 415 130 466 177
naixue 0.0219 499 153 560 241
naixue 0.0204 670 158 717 207
naixue 0.0201 408 176 454 228
nike 0.0334 787 69 949 114
nike 0.0234 482 558 537 595
nike 0.0220 230 316 528 405
nike 0.0200 0 724 184 805
oppo 0.0530 2 484 319 565
oppo 0.0202 498 637 635 683
puma 0.0953 797 82 960 181
puma 0.0798 788 64 939 133
puma 0.0528 857 428 884 479
puma 0.0488 114 309 174 406
puma 0.0421 852 367 903 441
puma 0.0379 150 213 196 239
puma 0.0360 609 640 663 693
puma 0.0354 639 432 687 478
puma 0.0351 678 429 727 477
puma 0.0339 747 598 791 637
puma 0.0332 904 381 936 435
puma 0.0331 150 208 213 259
puma 0.0315 644 480 725 528
puma 0.0309 1013 404 1079 465
puma 0.0306 666 311 724 355
puma 0.0300 631 329 680 365
puma 0.0287 262 219 300 263
puma 0.0287 784 251 833 297
puma 0.0287 126 310 180 367
puma 0.0283 272 219 311 254
puma 0.0276 683 323 726 372
puma 0.0260 0 281 439 794
puma 0.0260 631 425 692 461
puma 0.0254 845 255 881 294
puma 0.0251 800 587 838 635
puma 0.0250 1002 423 1067 455
puma 0.0243 854 138 909 167
puma 0.0237 892 346 934 408
puma 0.0237 914 440 936 488
puma 0.0229 161 326 199 363
puma 0.0220 858 379 925 425
puma 0.0216 806 428 844 463
puma 0.0211 860 418 901 465
puma 0.0210 143 177 181 214
puma 0.0208 91 15 237 163
puma 0.0207 802 414 841 496
puma 0.0207 986 412 1041 468
puma 0.0202 854 519 897 585
puma 0.0201 4 2 105 190
puma 0.0200 639 428 710 453
starburks 0.0267 283 286 1071 810
vivo 0.0229 664 150 708 168
zara 0.0309 237 0 1035 453
