adidas 0.0225 0 71 59 380
anta 0.0246 318 226 485 330
anta 0.0240 39 5 359 54
anta 0.0239 417 714 435 732
anta 0.0229 468 233 600 333
anta 0.0205 54 7 269 85
apple 0.0220 128 550 154 592
apple 0.0204 216 654 322 800
hotmaxx 0.2210 136 289 285 343
hotmaxx 0.0492 132 249 308 336
hotmaxx 0.0401 166 282 243 339
hotmaxx 0.0336 155 310 350 387
hotmaxx 0.0302 113 0 600 459
hotmaxx 0.0289 150 292 208 352
hotmaxx 0.0219 486 474 517 501
huawei 0.0356 6 387 40 411
huawei 0.0328 1 6 177 143
huawei 0.0281 0 553 219 624
huawei 0.0258 6 78 191 167
huawei 0.0243 487 50 600 186
huawei 0.0216 12 646 207 731
huawei 0.0210 25 316 62 381
kfc 0.0504 148 678 183 710
kfc 0.0232 565 467 593 501
lining 0.8401 318 226 485 330
lining 0.1038 314 207 450 299
lining 0.0300 274 172 553 331
lining 0.0279 148 191 500 347
lining 0.0277 289 353 315 374
lining 0.0242 318 697 350 714
lining 0.0233 324 361 355 381
lining 0.0231 289 338 329 358
lining 0.0221 376 356 422 373
lining 0.0216 322 718 343 739
lining 0.0210 327 348 365 367
lining 0.0207 88 384 112 406
mcdonalds 0.0326 485 474 514 509
mi 0.0849 251 588 275 632
mi 0.0243 142 301 170 346
naixue 0.0252 0 290 109 400
naixue 0.0227 531 12 600 161
naixue 0.0226 35 261 122 437
naixue 0.0220 50 38 128 230
naixue 0.0217 463 27 564 152
naixue 0.0205 425 658 600 800
nike 0.0639 309 201 479 286
nike 0.0249 308 715 407 752
nike 0.0241 374 212 468 274
nike 0.0211 124 352 556 800
puma 0.0299 74 640 101 656
puma 0.0265 323 558 344 588
puma 0.0258 508 437 529 462
puma 0.0241 0 8 28 86
puma 0.0228 235 504 246 520
watsons 0.0321 379 20 600 241
watsons 0.0287 39 5 359 54
watsons 0.0238 265 26 594 175
