adidas 0.0727 228 145 325 189
adidas 0.0237 125 285 151 299
adidas 0.0220 111 167 335 213
adidas 0.0200 34 189 147 298
anta 0.0520 221 136 316 174
anta 0.0263 2 394 24 435
apple 0.0535 71 124 89 150
apple 0.0328 71 118 92 142
apple 0.0267 30 105 146 203
apple 0.0232 0 55 112 174
apple 0.0226 1 138 114 253
apple 0.0219 274 147 600 440
hotmaxx 0.0363 395 109 512 133
huawei 0.0602 0 178 183 219
huawei 0.0473 0 132 173 178
huawei 0.0306 395 109 512 133
huawei 0.0276 168 9 389 75
huawei 0.0263 0 226 185 265
huawei 0.0258 1 83 190 134
huawei 0.0212 30 139 53 169
huawei 0.0200 1 267 144 312
lining 0.5208 216 137 327 175
lining 0.0311 25 53 66 80
lining 0.0270 35 100 83 115
lining 0.0264 0 431 51 446
lining 0.0256 252 271 304 282
lining 0.0205 33 105 70 121
mcdonalds 0.0292 252 214 287 251
mcdonalds 0.0217 258 213 278 228
naixue 0.0296 392 116 417 141
naixue 0.0283 2 65 19 125
naixue 0.0209 0 79 53 253
nike 0.0393 216 137 327 175
nike 0.0289 125 294 165 305
nike 0.0213 106 45 327 94
puma 0.0485 382 1 464 23
puma 0.0404 350 3 485 38
puma 0.0319 414 3 496 23
puma 0.0288 3 0 59 103
puma 0.0239 228 145 325 189
puma 0.0229 34 0 139 80
uniqlo 0.0279 252 214 287 251
watsons 0.0281 88 405 333 437
watsons 0.0274 98 12 536 77
watsons 0.0253 249 4 334 25
watsons 0.0232 252 271 304 282
zara 0.0496 395 109 512 133
zara 0.0369 121 0 575 243
zara 0.0306 24 259 73 273
zara 0.0292 411 103 494 128
zara 0.0250 10 170 37 183
zara 0.0214 408 108 464 136
