adidas 0.0228 1005 192 1078 259
adidas 0.0207 182 379 208 408
anta 0.0451 0 4 498 58
anta 0.0257 624 6 992 77
anta 0.0251 13 0 291 107
anta 0.0245 315 318 672 390
hotmaxx 0.0232 211 2 1080 435
hotmaxx 0.0202 301 570 702 650
huawei 0.0660 222 133 461 184
huawei 0.0258 237 160 457 188
huawei 0.0228 986 258 1048 283
kfc 0.0315 582 627 630 702
kfc 0.0286 69 468 118 529
kfc 0.0233 899 473 931 497
kfc 0.0223 632 753 683 785
kfc 0.0219 80 464 148 513
kfc 0.0218 399 463 429 490
kfc 0.0215 707 606 741 630
kfc 0.0209 573 452 601 476
kfc 0.0202 630 740 696 769
kfc 0.0200 972 526 1008 559
lining 0.1090 486 100 716 172
lining 0.0840 449 137 731 215
lining 0.0329 619 401 697 418
lining 0.0287 334 406 379 422
lining 0.0253 752 693 795 725
lining 0.0216 1008 167 1074 248
lining 0.0212 17 146 64 169
lining 0.0210 31 346 87 373
lining 0.0209 10 305 52 341
lining 0.0203 528 439 556 454
mcdonalds 0.0359 578 615 640 695
mcdonalds 0.0264 600 601 719 713
mcdonalds 0.0250 609 606 681 691
naixue 0.0262 939 347 997 394
nike 0.0681 507 110 730 177
nike 0.0276 0 721 98 806
oppo 0.0959 222 133 461 184
puma 0.0426 622 616 658 661
puma 0.0417 234 580 270 608
puma 0.0386 937 162 1067 300
puma 0.0377 670 483 743 544
puma 0.0360 304 601 335 639
puma 0.0343 262 567 307 595
puma 0.0339 1004 174 1079 286
puma 0.0306 844 398 874 428
puma 0.0305 228 581 256 616
puma 0.0293 914 173 968 211
puma 0.0288 318 643 357 665
puma 0.0278 707 606 741 630
puma 0.0278 706 567 741 594
puma 0.0265 275 515 321 538
puma 0.0260 150 597 191 638
puma 0.0256 683 496 737 560
puma 0.0254 176 449 213 488
puma 0.0250 827 414 850 439
puma 0.0249 1022 199 1074 348
puma 0.0248 253 525 285 551
puma 0.0246 306 589 345 626
puma 0.0244 474 628 498 656
puma 0.0244 490 456 530 475
puma 0.0237 371 642 400 675
puma 0.0236 839 564 877 581
puma 0.0235 632 615 675 658
puma 0.0235 702 579 730 606
puma 0.0233 181 640 220 686
puma 0.0229 477 461 511 485
puma 0.0222 596 626 647 686
puma 0.0220 754 732 802 760
puma 0.0220 981 241 1040 297
puma 0.0217 476 618 503 644
puma 0.0214 787 599 819 620
puma 0.0208 190 352 243 380
puma 0.0208 304 647 338 674
puma 0.0204 769 605 802 641
puma 0.0204 268 442 305 470
puma 0.0201 981 130 1079 344
vivo 0.0389 221 134 399 193
vivo 0.0253 470 275 511 292
vivo 0.0243 435 266 477 286
watsons 0.0203 130 151 747 284
watsons 0.0200 253 154 586 215
zara 0.0290 543 629 852 723
zara 0.0262 224 0 1016 420
