adidas 0.0289 866 296 960 568
adidas 0.0216 769 266 823 287
anta 0.0510 188 148 478 290
anta 0.0334 361 10 697 75
anta 0.0323 178 109 321 162
anta 0.0318 316 4 859 40
anta 0.0263 181 120 413 203
anta 0.0259 504 189 567 209
anta 0.0251 649 404 693 426
anta 0.0235 0 4 294 61
anta 0.0235 186 593 481 712
apple 0.0383 191 340 238 397
apple 0.0238 0 193 579 709
hotmaxx 0.0200 176 3 960 409
huawei 0.0344 547 196 616 213
huawei 0.0278 504 189 567 209
huawei 0.0219 488 232 531 247
huawei 0.0212 764 330 820 385
huawei 0.0206 736 197 783 221
lining 0.9499 198 141 475 225
lining 0.1765 178 108 401 188
lining 0.0661 271 146 434 192
lining 0.0502 196 582 313 608
lining 0.0460 38 203 109 232
lining 0.0418 178 109 321 162
lining 0.0300 17 195 86 219
lining 0.0292 383 281 419 294
naixue 0.0206 761 132 884 219
nike 0.0662 508 169 613 194
nike 0.0356 0 649 79 718
nike 0.0323 136 605 365 719
nike 0.0304 546 182 602 202
nike 0.0263 218 609 433 718
nike 0.0254 0 683 91 709
nike 0.0243 509 220 548 239
nike 0.0242 271 146 434 192
nike 0.0238 498 163 581 191
nike 0.0224 9 636 58 698
nike 0.0221 208 138 425 204
nike 0.0207 451 132 766 221
nike 0.0205 197 153 476 269
puma 0.0613 376 446 414 494
puma 0.0563 386 446 420 481
puma 0.0463 264 478 300 499
puma 0.0396 179 349 227 383
puma 0.0378 423 348 463 364
puma 0.0377 122 434 153 458
puma 0.0357 637 468 666 481
puma 0.0348 331 459 378 481
puma 0.0321 376 439 404 469
puma 0.0318 764 330 820 385
puma 0.0306 586 463 608 476
puma 0.0263 170 348 217 396
puma 0.0252 798 378 846 410
puma 0.0251 315 452 347 469
puma 0.0250 621 484 643 504
puma 0.0240 269 467 312 483
puma 0.0239 263 374 303 401
puma 0.0238 640 413 668 441
puma 0.0237 191 355 247 406
puma 0.0233 786 424 828 442
puma 0.0227 578 468 606 491
puma 0.0226 726 330 747 349
puma 0.0225 315 487 340 504
puma 0.0222 156 438 180 457
puma 0.0220 517 448 534 464
puma 0.0218 652 419 681 439
puma 0.0217 540 350 575 368
puma 0.0217 767 678 822 710
puma 0.0216 366 444 403 487
puma 0.0214 402 443 451 490
puma 0.0213 757 523 793 581
puma 0.0213 691 494 722 516
puma 0.0211 315 400 346 421
puma 0.0209 467 398 502 416
puma 0.0208 312 466 355 488
puma 0.0205 759 246 803 271
puma 0.0204 753 518 783 559
puma 0.0204 267 366 302 386
puma 0.0200 756 344 790 370
starburks 0.0257 877 490 936 521
vivo 0.0215 21 306 84 339
vivo 0.0213 837 657 920 707
zara 0.0292 202 0 913 378
