adidas 0.0285 191 238 208 255
adidas 0.0215 217 108 248 121
anta 0.0531 223 17 310 36
anta 0.0476 273 5 500 29
anta 0.0318 307 5 443 45
anta 0.0313 4 4 231 24
anta 0.0250 99 8 272 36
anta 0.0248 248 7 401 43
anta 0.0242 5 5 139 45
anta 0.0235 119 7 371 31
anta 0.0230 408 24 500 69
coco 0.0275 217 66 237 73
hotmaxx 0.0237 374 224 411 237
hotmaxx 0.0225 382 228 422 238
huawei 0.1728 110 18 222 36
huawei 0.0284 117 268 141 274
huawei 0.0221 306 2 483 5
huawei 0.0207 410 234 495 315
kfc 0.0356 344 214 363 244
kfc 0.0289 460 223 480 248
kfc 0.0256 395 84 428 109
kfc 0.0235 158 208 170 220
kfc 0.0232 4 68 15 109
kfc 0.0220 385 79 454 123
kfc 0.0219 3 49 11 87
kfc 0.0208 315 89 343 105
lining 0.3085 223 17 310 36
lining 0.0434 247 59 276 66
lining 0.0385 135 59 174 66
lining 0.0370 272 59 306 67
lining 0.0311 2 319 44 330
lining 0.0232 212 60 239 67
lining 0.0230 117 59 150 67
lining 0.0216 373 263 389 269
mcdonalds 0.0622 416 41 444 58
mcdonalds 0.0487 163 71 180 79
mcdonalds 0.0459 158 50 182 62
mcdonalds 0.0433 344 214 363 244
mcdonalds 0.0410 188 75 203 81
mcdonalds 0.0394 343 209 366 234
mcdonalds 0.0356 136 72 153 80
mcdonalds 0.0335 131 50 158 60
mcdonalds 0.0302 186 50 204 60
mcdonalds 0.0298 403 50 423 62
mcdonalds 0.0289 60 256 72 271
mcdonalds 0.0289 321 70 335 76
mcdonalds 0.0279 139 65 164 71
mcdonalds 0.0267 159 62 183 69
mcdonalds 0.0267 214 71 227 77
mcdonalds 0.0263 135 59 174 66
mcdonalds 0.0247 404 71 418 78
mcdonalds 0.0228 60 255 79 266
mcdonalds 0.0211 484 7 495 61
naixue 0.0231 0 71 30 237
naixue 0.0218 384 87 483 139
nike 0.0431 223 17 310 36
nike 0.0376 374 224 411 237
nike 0.0239 304 225 450 264
nike 0.0235 344 6 497 54
nike 0.0215 109 0 470 179
puma 0.0379 13 213 29 225
puma 0.0346 237 20 309 54
puma 0.0317 107 268 118 274
puma 0.0288 134 222 160 249
puma 0.0282 257 91 275 100
puma 0.0264 435 213 455 224
puma 0.0258 70 268 87 277
puma 0.0254 431 216 447 227
puma 0.0253 262 218 280 237
puma 0.0247 307 282 323 294
puma 0.0240 302 264 325 279
puma 0.0228 447 273 464 286
puma 0.0227 189 286 202 294
puma 0.0220 425 204 437 214
puma 0.0218 111 270 124 281
puma 0.0218 156 216 171 233
puma 0.0214 253 212 276 226
puma 0.0212 18 87 36 101
puma 0.0204 122 284 138 291
puma 0.0202 390 221 410 230
puma 0.0201 461 208 480 230
puma 0.0201 143 284 165 292
zara 0.0315 356 200 402 212
zara 0.0298 109 0 470 179
zara 0.0282 128 193 168 206
zara 0.0249 105 193 141 207
