adidas 0.0294 486 28 571 83
adidas 0.0291 534 30 610 86
anta 0.0481 441 2 708 99
anta 0.0402 366 3 941 49
anta 0.0365 635 109 714 164
anta 0.0348 526 16 593 68
anta 0.0299 532 1 909 77
anta 0.0288 299 8 595 93
anta 0.0278 584 3 1266 45
anta 0.0266 446 2 636 27
anta 0.0229 656 6 979 93
apple 0.0306 583 267 1280 719
coco 0.0290 400 145 460 183
coco 0.0209 395 132 476 175
hotmaxx 0.1020 215 136 487 183
huawei 0.0278 680 425 741 443
huawei 0.0221 847 311 897 326
kfc 0.0253 1149 343 1196 385
kfc 0.0234 156 385 210 430
kfc 0.0208 9 310 38 375
lining 0.3000 506 115 703 172
lining 0.0731 310 140 738 206
lining 0.0356 512 140 708 176
lining 0.0356 34 317 83 333
lining 0.0263 901 344 935 358
lining 0.0253 957 329 1000 341
lining 0.0215 223 342 265 357
lining 0.0204 889 326 943 339
nike 0.0990 518 47 770 147
nike 0.0678 534 111 721 163
nike 0.0303 418 531 497 557
nike 0.0290 310 140 738 206
oppo 0.0200 5 424 330 499
puma 0.0855 587 254 735 400
puma 0.0766 622 287 758 464
puma 0.0693 656 281 743 360
puma 0.0644 940 352 983 382
puma 0.0614 653 261 738 327
puma 0.0476 659 557 738 638
puma 0.0421 606 278 698 365
puma 0.0405 937 349 1014 371
puma 0.0394 823 337 853 356
puma 0.0381 297 426 331 463
puma 0.0344 150 358 206 382
puma 0.0331 273 367 310 397
puma 0.0330 434 0 595 76
puma 0.0315 582 341 623 385
puma 0.0314 597 533 748 658
puma 0.0304 532 133 714 185
puma 0.0302 907 361 943 386
puma 0.0299 422 412 444 431
puma 0.0298 1041 428 1099 449
puma 0.0293 221 363 264 390
puma 0.0291 594 310 665 416
puma 0.0288 154 370 200 398
puma 0.0286 594 530 684 596
puma 0.0285 534 333 1248 719
puma 0.0285 1035 435 1085 457
puma 0.0265 322 574 392 607
puma 0.0261 759 358 791 398
puma 0.0260 1045 346 1105 369
puma 0.0259 491 610 562 634
puma 0.0256 688 260 739 291
puma 0.0256 646 297 736 336
puma 0.0254 955 445 983 467
puma 0.0249 292 389 328 431
puma 0.0246 492 538 556 563
puma 0.0245 151 377 218 418
puma 0.0238 567 343 612 395
puma 0.0232 919 357 963 380
puma 0.0229 838 314 882 333
puma 0.0228 654 457 699 476
puma 0.0228 769 385 817 426
puma 0.0227 927 352 979 372
puma 0.0222 861 457 914 486
puma 0.0220 513 356 567 378
puma 0.0219 306 426 345 459
puma 0.0213 426 446 455 469
puma 0.0212 1038 356 1088 380
puma 0.0212 619 329 759 562
puma 0.0208 572 148 690 183
puma 0.0202 743 587 771 628
puma 0.0200 901 344 935 358
zara 0.0318 270 0 1228 367
