adidas 0.0373 414 208 446 226
adidas 0.0244 302 288 322 296
adidas 0.0222 336 220 432 295
adidas 0.0207 267 211 373 302
adidas 0.0203 337 180 433 268
anta 0.2767 344 53 424 80
anta 0.0238 232 0 383 5
anta 0.0211 212 152 423 196
apple 0.0768 453 127 485 147
apple 0.0414 447 131 473 146
apple 0.0336 410 130 437 148
apple 0.0278 458 124 493 142
hm 0.0209 259 77 309 96
huawei 0.0318 280 237 487 277
huawei 0.0289 280 197 495 232
lining 0.1177 346 53 425 77
lining 0.0360 259 69 441 110
lining 0.0278 562 343 592 354
lining 0.0259 137 153 192 166
lining 0.0222 344 301 383 308
lining 0.0207 115 281 146 295
mcdonalds 0.0334 549 254 597 289
mcdonalds 0.0252 504 243 585 299
mcdonalds 0.0240 395 369 452 392
mcdonalds 0.0233 515 256 555 289
mcdonalds 0.0220 493 269 513 296
mcdonalds 0.0211 114 174 150 212
nike 0.0537 259 69 441 110
nike 0.0264 481 5 700 64
oppo 0.0352 373 313 419 320
oppo 0.0228 180 354 459 388
oppo 0.0216 433 2 680 10
puma 0.0471 512 242 559 280
puma 0.0400 507 245 541 265
puma 0.0380 127 162 166 183
puma 0.0289 138 159 196 198
puma 0.0288 521 0 616 18
puma 0.0277 67 0 170 8
puma 0.0276 216 237 240 259
puma 0.0272 11 226 38 247
puma 0.0262 301 248 316 259
puma 0.0255 111 291 156 316
puma 0.0242 294 219 326 232
puma 0.0232 137 228 164 243
puma 0.0227 91 3 147 18
puma 0.0226 185 191 202 217
puma 0.0223 0 7 27 42
puma 0.0214 0 154 19 216
puma 0.0206 366 255 402 273
puma 0.0205 601 3 683 20
puma 0.0203 119 168 151 209
puma 0.0203 102 233 119 243
zara 0.0373 158 0 668 209
zara 0.0249 428 168 454 178
zara 0.0230 15 187 42 202
