adidas 0.0890 328 138 510 197
adidas 0.0318 52 38 183 144
adidas 0.0299 15 12 120 59
adidas 0.0270 44 4 425 37
adidas 0.0240 552 196 594 249
adidas 0.0231 265 191 295 205
adidas 0.0211 309 125 486 180
adidas 0.0207 277 483 344 502
anta 0.0540 209 325 319 366
anta 0.0477 312 116 437 142
anta 0.0428 310 121 499 173
anta 0.0318 39 238 84 288
anta 0.0207 346 250 498 320
anta 0.0206 237 6 486 55
apple 0.0216 0 136 445 504
hm 0.0218 356 249 463 312
hotmaxx 0.0288 420 296 690 352
hotmaxx 0.0225 16 86 114 135
huawei 0.0830 321 149 496 179
huawei 0.0555 331 151 419 174
huawei 0.0230 2 217 56 234
huawei 0.0205 7 28 148 109
kfc 0.0326 679 216 748 403
kfc 0.0248 524 109 549 153
kfc 0.0226 658 190 746 340
lining 0.6826 196 323 320 358
lining 0.1498 317 118 463 155
lining 0.0961 312 116 437 142
lining 0.0841 310 121 499 173
lining 0.0704 328 138 510 197
lining 0.0559 374 406 457 417
lining 0.0313 386 410 449 420
lining 0.0249 371 404 432 414
lining 0.0242 437 412 472 421
lining 0.0229 198 332 268 364
lining 0.0208 425 404 488 415
mcdonalds 0.0436 365 243 392 260
mcdonalds 0.0294 397 240 428 255
mcdonalds 0.0281 367 211 390 225
mcdonalds 0.0275 442 387 477 399
mcdonalds 0.0247 442 382 495 398
mcdonalds 0.0241 491 380 527 396
mcdonalds 0.0237 441 394 464 407
mcdonalds 0.0228 360 252 410 280
mcdonalds 0.0214 567 391 590 407
mcdonalds 0.0212 379 251 439 276
mcdonalds 0.0211 482 392 506 406
mcdonalds 0.0204 444 241 462 253
mcdonalds 0.0202 0 403 139 504
nike 0.0234 438 350 678 397
nike 0.0229 352 120 459 141
oppo 0.0346 1 105 182 149
puma 0.0786 578 55 697 196
puma 0.0580 209 325 319 366
puma 0.0409 125 439 145 454
puma 0.0400 61 450 94 481
puma 0.0353 659 7 737 38
puma 0.0351 51 375 90 393
puma 0.0321 320 127 414 157
puma 0.0300 318 140 344 157
puma 0.0298 205 77 235 123
puma 0.0294 525 261 548 272
puma 0.0293 15 369 48 392
puma 0.0293 682 396 717 432
puma 0.0288 147 214 170 241
puma 0.0273 0 136 445 504
puma 0.0272 607 418 630 433
puma 0.0253 100 406 125 422
puma 0.0244 186 136 205 155
puma 0.0240 161 180 192 230
puma 0.0237 173 417 187 432
puma 0.0237 589 99 693 247
puma 0.0235 318 141 366 170
puma 0.0234 531 249 565 261
puma 0.0230 531 132 557 161
puma 0.0230 559 247 580 274
puma 0.0225 558 187 579 216
puma 0.0222 21 311 57 349
puma 0.0216 88 408 113 431
puma 0.0213 88 374 125 390
puma 0.0209 482 439 511 459
puma 0.0204 154 195 196 251
puma 0.0203 642 406 680 422
puma 0.0202 293 114 444 169
vivo 0.0227 79 63 125 87
vivo 0.0224 13 93 120 131
vivo 0.0215 2 217 56 234
watsons 0.0839 364 429 460 445
watsons 0.0339 33 137 95 154
watsons 0.0302 229 411 280 420
watsons 0.0251 328 138 510 197
zara 0.0674 13 11 154 65
zara 0.0204 321 149 496 179
