adidas 0.0269 444 145 500 225
adidas 0.0222 345 73 373 88
adidas 0.0216 319 154 335 167
anta 0.0397 151 0 306 34
anta 0.0310 192 2 366 35
anta 0.0308 177 1 460 20
anta 0.0237 283 2 500 24
anta 0.0222 132 289 148 308
anta 0.0207 109 1 250 35
apple 0.0281 0 47 265 290
apple 0.0215 213 109 500 322
hotmaxx 0.0327 221 86 268 107
huawei 0.0288 438 108 488 123
huawei 0.0257 357 145 380 152
kfc 0.0380 343 94 399 139
kfc 0.0348 241 205 256 213
kfc 0.0311 229 176 246 187
kfc 0.0246 187 128 216 148
lining 0.0314 111 105 141 119
lining 0.0237 239 118 300 134
mcdonalds 0.9051 147 60 193 106
mcdonalds 0.0362 268 172 280 181
mcdonalds 0.0227 236 177 253 193
mcdonalds 0.0210 145 71 208 130
mcdonalds 0.0208 240 177 253 186
mi 0.0488 342 96 388 133
naixue 0.0534 94 158 133 184
naixue 0.0209 19 11 79 39
nike 0.0389 202 93 342 133
nike 0.0307 239 118 300 134
nike 0.0248 90 96 107 108
nike 0.0233 185 60 347 111
nike 0.0230 420 163 500 204
nike 0.0228 93 94 121 108
puma 0.0351 237 229 253 238
puma 0.0326 240 177 253 186
puma 0.0318 211 228 228 238
puma 0.0311 271 205 281 213
puma 0.0303 160 186 172 196
puma 0.0269 425 200 445 216
puma 0.0239 153 60 187 91
puma 0.0233 136 215 151 227
puma 0.0226 297 0 358 33
puma 0.0222 164 66 198 100
puma 0.0219 163 223 175 235
puma 0.0204 157 172 169 181
puma 0.0203 218 221 253 243
uniqlo 0.1146 340 94 388 136
uniqlo 0.0350 9 285 41 299
watsons 0.0238 208 87 296 134
zara 0.0407 108 0 478 174
zara 0.0324 14 209 73 222
zara 0.0223 7 228 29 244
