adidas 0.0275 544 6 692 61
adidas 0.0216 263 23 513 205
anta 0.0209 396 5 653 63
anta 0.0209 292 230 371 249
coco 0.0247 449 155 514 210
hm 0.0776 526 143 601 236
hotmaxx 0.0369 253 152 512 224
hotmaxx 0.0233 156 0 800 358
huawei 0.0642 257 150 497 218
huawei 0.0443 251 122 414 189
huawei 0.0419 222 26 349 61
huawei 0.0298 0 176 258 227
huawei 0.0286 633 155 679 186
huawei 0.0280 164 324 201 340
huawei 0.0272 558 511 649 551
huawei 0.0223 0 356 183 421
lining 0.0318 688 64 791 94
lining 0.0243 294 234 343 253
lining 0.0225 340 233 388 251
lining 0.0205 425 134 493 162
lining 0.0205 379 252 409 266
mcdonalds 0.2618 529 122 592 235
mcdonalds 0.0235 85 96 138 147
mcdonalds 0.0201 544 143 581 194
mcdonalds 0.0200 120 129 161 157
mi 0.0310 685 9 797 90
mi 0.0307 534 131 605 239
naixue 0.0310 522 105 553 132
naixue 0.0234 685 9 797 90
naixue 0.0201 707 208 764 271
nike 0.0235 603 285 759 388
nike 0.0217 260 107 308 125
nike 0.0212 559 503 786 595
puma 0.0382 427 484 466 524
puma 0.0338 428 2 551 58
puma 0.0319 509 326 531 357
puma 0.0302 361 421 389 435
puma 0.0293 403 414 442 432
puma 0.0283 393 314 427 358
puma 0.0263 103 262 138 284
puma 0.0248 586 0 696 56
puma 0.0239 396 413 425 439
puma 0.0239 9 287 35 343
puma 0.0239 29 38 168 122
puma 0.0232 643 337 668 362
puma 0.0231 270 238 295 260
puma 0.0222 50 346 81 370
puma 0.0219 458 338 517 397
puma 0.0215 10 274 51 312
puma 0.0213 446 359 501 422
puma 0.0206 301 307 327 327
puma 0.0201 569 380 610 395
starburks 0.0316 188 269 222 290
starburks 0.0251 188 272 214 299
uniqlo 0.0349 530 144 605 235
watsons 0.0352 246 122 567 236
zara 0.0390 251 122 414 189
