adidas 0.0285 195 439 224 482
adidas 0.0260 293 345 515 413
adidas 0.0231 314 286 366 342
adidas 0.0223 107 36 152 80
apple 0.0245 0 196 275 653
hotmaxx 0.0868 196 249 364 360
hotmaxx 0.0336 132 409 183 435
huawei 0.3618 196 249 364 360
huawei 0.0635 192 224 329 323
huawei 0.0221 437 71 525 245
kfc 0.0353 448 358 466 396
kfc 0.0205 339 485 357 512
lining 0.0307 308 383 337 398
mcdonalds 0.9874 92 103 187 229
mcdonalds 0.9670 68 73 166 195
mcdonalds 0.0398 309 365 324 386
mcdonalds 0.0393 359 483 379 526
mcdonalds 0.0356 439 339 460 391
mcdonalds 0.0329 195 364 215 386
mcdonalds 0.0286 78 92 123 188
mcdonalds 0.0280 359 462 376 496
mcdonalds 0.0256 429 331 442 354
mcdonalds 0.0212 115 372 133 392
naixue 0.0519 413 85 489 241
naixue 0.0415 464 68 524 247
naixue 0.0300 415 34 521 265
naixue 0.0250 423 122 525 226
naixue 0.0221 357 45 433 204
nike 0.0296 471 340 508 374
nike 0.0286 380 194 524 285
nike 0.0268 428 337 525 437
nike 0.0251 463 353 493 392
nike 0.0242 489 343 511 366
nike 0.0228 323 125 471 221
nike 0.0217 392 348 416 371
oppo 0.0300 389 665 525 700
oppo 0.0240 413 188 459 228
oppo 0.0226 432 177 491 223
puma 0.0339 419 441 431 454
puma 0.0329 196 425 216 458
puma 0.0247 361 432 373 451
puma 0.0238 394 465 411 489
puma 0.0231 306 432 320 447
puma 0.0214 423 388 439 407
puma 0.0204 396 435 408 452
vivo 0.0317 423 69 452 124
vivo 0.0236 434 99 521 222
watsons 0.0265 308 383 337 398
zara 0.0370 192 224 329 323
zara 0.0206 259 254 366 337
