anta 0.0267 125 11 538 119
anta 0.0265 315 12 681 137
anta 0.0250 0 5 432 88
anta 0.0205 1177 194 1440 341
apple 0.0317 0 318 871 1067
hotmaxx 0.0352 1140 428 1418 520
hotmaxx 0.0336 1189 695 1271 728
hotmaxx 0.0310 1193 685 1313 731
hotmaxx 0.0275 1162 408 1439 475
huawei 0.0682 1162 408 1439 475
huawei 0.0325 1294 407 1415 465
huawei 0.0259 1162 418 1422 524
huawei 0.0213 1146 756 1435 1010
huawei 0.0200 1185 446 1423 483
kfc 0.0533 156 684 216 754
kfc 0.0400 93 691 163 788
kfc 0.0296 707 922 771 952
kfc 0.0247 78 969 143 1014
kfc 0.0238 108 660 157 721
kfc 0.0237 726 317 881 392
kfc 0.0218 634 758 669 790
kfc 0.0210 778 913 851 952
kfc 0.0205 173 978 237 1024
kfc 0.0204 5 598 35 740
kfc 0.0201 9 674 43 792
lining 0.0604 802 140 908 162
lining 0.0382 466 529 555 548
lining 0.0283 770 528 809 547
lining 0.0236 990 639 1109 666
lining 0.0220 1166 327 1440 471
lining 0.0217 15 1034 130 1065
mcdonalds 0.8445 145 198 387 390
mcdonalds 0.5167 210 232 440 427
mcdonalds 0.0675 95 220 489 460
mcdonalds 0.0297 172 209 349 338
mcdonalds 0.0266 154 214 275 356
mi 0.0206 0 318 871 1067
oppo 0.0250 455 707 559 730
puma 0.0450 291 799 322 823
puma 0.0304 341 751 394 780
puma 0.0277 1210 825 1280 862
puma 0.0252 942 862 993 883
puma 0.0248 851 711 889 746
puma 0.0248 1156 630 1204 650
puma 0.0239 887 867 927 886
puma 0.0236 273 748 324 774
puma 0.0229 849 666 880 694
puma 0.0229 256 744 302 782
puma 0.0222 45 963 96 1009
puma 0.0205 859 900 898 930
puma 0.0200 1190 680 1281 744
vivo 0.0337 462 12 875 26
vivo 0.0228 542 6 923 19
vivo 0.0211 580 47 681 78
vivo 0.0207 1362 586 1412 618
zara 0.1925 1162 408 1439 475
zara 0.0289 295 0 1364 566
