anta 0.0325 471 524 533 549
anta 0.0209 518 543 543 564
apple 0.0211 0 225 414 670
coco 0.0280 0 2 36 68
huawei 0.1182 279 125 700 206
huawei 0.0396 166 123 237 144
huawei 0.0257 141 37 232 63
huawei 0.0213 515 123 693 213
huawei 0.0201 220 428 403 499
kfc 0.0252 245 486 271 507
lining 0.0284 453 622 492 642
lining 0.0252 256 312 320 327
lining 0.0221 522 621 555 644
mcdonalds 0.9037 14 66 126 175
mcdonalds 0.4998 33 96 152 206
mcdonalds 0.0501 2 67 164 234
mcdonalds 0.0338 445 366 475 384
mcdonalds 0.0334 88 577 109 619
mcdonalds 0.0226 590 317 623 343
mcdonalds 0.0207 6 74 44 174
mcdonalds 0.0204 196 606 222 631
mcdonalds 0.0200 88 438 108 459
naixue 0.0276 0 3 74 33
naixue 0.0204 5 0 45 50
nike 0.0452 94 635 172 666
nike 0.0417 499 469 675 584
nike 0.0394 422 480 646 555
nike 0.0295 575 471 700 567
nike 0.0211 88 629 129 662
nike 0.0210 434 454 585 577
oppo 0.0303 481 626 633 661
oppo 0.0225 441 624 666 688
puma 0.0271 239 469 261 485
puma 0.0252 92 475 113 491
puma 0.0247 487 373 503 395
puma 0.0235 483 388 498 425
puma 0.0235 15 95 68 151
puma 0.0234 344 435 356 452
puma 0.0234 3 487 23 548
puma 0.0230 62 335 93 354
puma 0.0225 405 380 427 399
puma 0.0207 379 396 393 413
puma 0.0207 2 116 33 205
vivo 0.0254 511 663 555 686
watsons 0.0302 242 480 328 499
watsons 0.0298 282 122 700 225
watsons 0.0274 130 478 187 500
zara 0.0228 130 0 681 347
