adidas 0.0478 232 107 312 148
adidas 0.0204 0 77 67 251
anta 0.0327 653 212 800 281
anta 0.0248 546 10 780 123
anta 0.0210 75 3 335 49
anta 0.0206 650 77 800 143
apple 0.0266 358 148 800 441
apple 0.0261 299 371 431 450
apple 0.0240 0 118 476 450
coco 0.0205 673 125 704 167
huawei 0.1139 544 109 685 148
huawei 0.0268 743 147 787 168
huawei 0.0252 530 110 733 174
huawei 0.0212 18 3 222 83
lining 0.0454 264 230 306 244
lining 0.0377 266 221 327 240
lining 0.0205 614 134 800 186
mcdonalds 0.9305 386 71 494 151
mcdonalds 0.6927 374 45 472 132
mcdonalds 0.0433 192 60 256 98
mcdonalds 0.0309 174 124 202 178
mcdonalds 0.0295 233 45 305 81
mcdonalds 0.0266 260 207 290 227
mcdonalds 0.0234 170 122 195 159
mcdonalds 0.0223 206 50 268 87
mcdonalds 0.0205 597 60 632 82
mi 0.0661 286 240 318 264
mi 0.0322 270 243 316 268
naixue 0.1414 479 234 543 266
naixue 0.0380 270 243 316 268
naixue 0.0280 0 10 74 163
naixue 0.0272 723 139 775 176
naixue 0.0261 347 282 382 320
naixue 0.0255 0 307 71 450
naixue 0.0254 74 84 170 225
naixue 0.0254 0 77 67 251
naixue 0.0249 396 283 423 304
naixue 0.0234 271 249 307 277
naixue 0.0231 66 131 169 273
naixue 0.0224 80 22 176 147
nike 0.0233 121 406 227 450
nike 0.0223 643 377 681 392
nike 0.0210 682 400 787 450
puma 0.0438 624 362 650 377
puma 0.0267 608 363 632 381
puma 0.0226 648 362 679 382
uniqlo 0.0655 474 231 530 264
uniqlo 0.0511 258 258 305 295
uniqlo 0.0337 270 243 316 268
uniqlo 0.0264 130 222 153 252
uniqlo 0.0226 426 275 454 289
vivo 0.0248 218 122 285 152
zara 0.0315 472 234 538 265
zara 0.0257 6 334 36 364
zara 0.0236 169 0 764 243
