adidas 0.0285 827 460 1039 535
adidas 0.0234 823 492 873 514
anta 0.0298 42 421 294 526
anta 0.0254 0 14 356 231
anta 0.0226 0 5 484 58
anta 0.0214 0 4 347 95
apple 0.0316 0 116 673 681
hm 0.0256 326 336 450 430
huawei 0.0426 845 519 1004 549
huawei 0.0234 352 420 450 449
kfc 0.0277 176 710 296 748
kfc 0.0260 192 701 260 759
lining 0.0488 823 492 873 514
lining 0.0295 386 492 435 525
lining 0.0245 971 637 998 646
lining 0.0230 724 2 932 19
lining 0.0217 830 509 864 530
lining 0.0211 896 631 934 642
mcdonalds 0.6935 326 325 447 430
mcdonalds 0.0691 328 342 506 486
mcdonalds 0.0200 316 290 385 326
nike 0.0385 101 356 550 534
nike 0.0364 0 247 904 785
nike 0.0293 164 435 1000 744
nike 0.0287 0 413 357 502
nike 0.0246 952 481 1025 502
nike 0.0242 424 466 820 550
oppo 0.0764 370 717 453 751
oppo 0.0518 845 519 1004 549
puma 0.0400 134 623 235 661
puma 0.0273 0 233 720 791
puma 0.0255 805 5 1006 127
puma 0.0210 957 124 983 149
vivo 0.0274 358 665 472 711
vivo 0.0269 845 519 1004 549
vivo 0.0257 406 617 459 630
vivo 0.0222 375 702 471 750
watsons 0.0642 845 519 1004 549
watsons 0.0335 431 719 592 752
zara 0.0542 845 519 1004 549
zara 0.0234 955 81 989 105
