anta 0.0260 168 5 307 46
coco 0.0518 198 110 229 141
coco 0.0266 60 102 96 130
hotmaxx 0.0494 38 116 262 156
hotmaxx 0.0390 340 51 417 114
hotmaxx 0.0304 195 4 397 29
hotmaxx 0.0290 318 12 417 68
hotmaxx 0.0255 306 28 394 80
hotmaxx 0.0254 65 42 230 97
hotmaxx 0.0230 159 19 253 67
hotmaxx 0.0225 18 210 64 234
hotmaxx 0.0213 13 292 49 305
huawei 0.0235 325 24 399 88
kfc 0.0819 209 315 228 325
kfc 0.0608 383 135 417 175
kfc 0.0362 202 319 221 336
kfc 0.0340 83 318 109 337
kfc 0.0288 340 322 354 332
kfc 0.0278 350 321 377 333
kfc 0.0265 338 329 347 340
kfc 0.0260 86 322 105 342
kfc 0.0248 92 306 101 315
kfc 0.0238 3 214 22 240
kfc 0.0236 201 323 216 339
lining 0.0613 278 64 352 92
lining 0.0456 269 71 341 98
lining 0.0337 293 71 339 91
lining 0.0264 279 76 318 94
lining 0.0255 375 137 412 161
lining 0.0251 355 187 369 203
lining 0.0242 20 271 47 287
lining 0.0234 114 196 129 204
lining 0.0214 198 180 228 191
mcdonalds 0.9255 282 113 338 167
mcdonalds 0.0801 286 115 318 155
mcdonalds 0.0557 217 269 246 290
mcdonalds 0.0510 221 265 236 282
mcdonalds 0.0309 47 196 61 206
mcdonalds 0.0270 36 211 61 226
mcdonalds 0.0259 184 250 199 262
mcdonalds 0.0250 353 242 368 251
mcdonalds 0.0216 360 247 379 261
mi 0.0237 217 269 246 290
naixue 0.0285 0 30 36 157
nike 0.0203 358 170 417 262
puma 0.0387 0 0 38 50
puma 0.0324 362 0 407 28
puma 0.0287 0 0 17 51
puma 0.0260 324 0 395 12
puma 0.0243 72 258 84 273
puma 0.0232 77 248 94 259
puma 0.0206 348 3 417 18
zara 0.0265 79 0 397 215
