adidas 0.0232 674 570 726 602
apple 0.0201 0 253 755 953
hm 0.0570 405 272 550 425
huawei 0.0577 704 218 874 247
huawei 0.0421 773 221 913 247
huawei 0.0334 0 283 357 395
huawei 0.0326 57 284 155 362
huawei 0.0277 988 519 1280 730
huawei 0.0274 111 316 206 364
huawei 0.0262 1088 183 1267 454
huawei 0.0236 20 262 191 383
lining 0.0214 0 924 117 954
mcdonalds 0.7551 411 277 548 413
mcdonalds 0.0332 814 490 869 517
mcdonalds 0.0307 813 472 881 499
mcdonalds 0.0247 293 528 325 553
mcdonalds 0.0212 754 489 804 518
naixue 0.0551 220 249 291 299
naixue 0.0311 1141 36 1240 133
naixue 0.0278 1179 21 1277 333
naixue 0.0246 617 195 698 251
naixue 0.0206 212 258 268 314
nike 0.0484 1075 568 1155 591
nike 0.0259 1140 631 1216 675
nike 0.0256 858 463 1259 600
oppo 0.0322 773 221 913 247
oppo 0.0240 123 353 225 406
puma 0.0526 956 556 1016 600
puma 0.0510 934 553 1009 613
puma 0.0432 925 560 985 599
puma 0.0396 143 558 224 597
puma 0.0369 140 542 180 581
puma 0.0331 64 551 150 603
puma 0.0265 87 554 179 590
puma 0.0251 149 561 206 619
puma 0.0246 343 594 395 619
puma 0.0235 678 544 719 573
puma 0.0215 631 297 738 352
zara 0.0440 258 0 1243 524
zara 0.0270 866 564 1280 692
