adidas 0.0292 94 162 164 204
adidas 0.0210 370 364 391 374
anta 0.0301 0 2 305 29
anta 0.0299 146 2 536 28
anta 0.0273 0 2 199 55
anta 0.0247 180 4 386 52
anta 0.0211 61 3 264 49
hotmaxx 0.0223 126 0 600 279
kfc 0.0290 113 164 154 195
kfc 0.0257 33 426 66 470
kfc 0.0209 1 196 15 253
lining 0.0218 293 257 333 266
mcdonalds 0.9822 87 343 214 458
mcdonalds 0.0357 0 343 359 480
mcdonalds 0.0259 393 338 412 353
mcdonalds 0.0240 482 97 497 111
mcdonalds 0.0235 382 95 407 113
mcdonalds 0.0228 197 103 217 120
mcdonalds 0.0227 512 90 529 116
mcdonalds 0.0212 353 92 380 109
mcdonalds 0.0208 416 102 439 116
naixue 0.1362 100 129 191 240
naixue 0.0334 1 84 45 289
naixue 0.0329 535 318 600 441
naixue 0.0275 551 313 597 390
naixue 0.0259 503 4 600 61
naixue 0.0248 246 135 330 232
naixue 0.0243 520 14 582 58
naixue 0.0233 562 318 594 370
naixue 0.0202 334 31 488 186
puma 0.0296 390 377 403 386
puma 0.0263 324 353 347 364
puma 0.0225 514 401 526 413
puma 0.0212 344 39 372 54
puma 0.0211 539 133 560 156
puma 0.0200 416 6 486 45
vivo 0.0476 280 431 336 447
vivo 0.0471 288 422 326 434
zara 0.0400 102 0 575 262
