adidas 0.0234 98 15 883 370
anta 0.0452 0 16 802 99
anta 0.0254 0 14 568 153
coco 0.0518 744 290 864 411
huawei 0.0323 179 357 913 501
lining 0.0429 360 1056 440 1093
lining 0.0414 957 528 1046 566
lining 0.0360 961 596 1061 626
lining 0.0304 956 613 1031 649
lining 0.0271 274 1074 348 1104
lining 0.0253 279 1056 394 1086
lining 0.0208 720 586 769 615
mcdonalds 0.8124 1083 220 1499 516
mcdonalds 0.1449 439 632 517 701
mcdonalds 0.1029 405 652 470 699
mcdonalds 0.0668 389 643 446 696
mcdonalds 0.0310 445 655 509 690
mi 0.0336 941 659 1038 702
nike 0.0274 1336 1112 1511 1161
oppo 0.0499 1184 909 1301 933
oppo 0.0225 1375 909 1482 933
puma 0.0376 171 701 223 755
puma 0.0284 154 685 227 776
puma 0.0266 833 672 885 696
puma 0.0231 1052 644 1078 666
puma 0.0223 790 618 869 643
puma 0.0223 1307 649 1359 668
puma 0.0222 613 913 705 952
puma 0.0220 1328 799 1372 831
puma 0.0214 534 917 630 949
puma 0.0211 365 857 391 879
puma 0.0206 624 845 693 870
puma 0.0205 132 855 188 872
vivo 0.0290 810 540 903 577
vivo 0.0286 787 543 871 581
watsons 0.0606 134 290 895 511
zara 0.0460 285 0 1632 659
