adidas 0.0246 154 88 225 130
adidas 0.0235 38 52 48 66
adidas 0.0227 93 7 111 16
adidas 0.0225 145 90 180 125
adidas 0.0222 144 110 184 145
adidas 0.0222 170 72 203 118
anta 0.0306 214 9 248 43
anta 0.0233 87 1 139 23
apple 0.0449 154 52 169 62
apple 0.0266 117 52 249 168
apple 0.0256 90 137 132 167
apple 0.0241 164 76 212 108
coco 0.0221 181 22 198 36
hotmaxx 0.1158 123 21 199 40
hotmaxx 0.0595 128 15 201 34
hotmaxx 0.0548 120 13 164 28
hotmaxx 0.0375 118 0 217 14
hotmaxx 0.0246 49 0 234 91
huawei 0.0271 0 66 66 82
huawei 0.0219 123 21 199 40
kfc 0.0780 96 56 107 70
kfc 0.0392 38 52 48 66
kfc 0.0373 99 55 112 66
kfc 0.0255 81 83 91 91
kfc 0.0241 68 49 74 57
kfc 0.0218 80 58 88 78
kfc 0.0212 85 88 96 96
kfc 0.0202 96 51 104 59
mcdonalds 0.1031 48 9 73 34
mcdonalds 0.0338 56 14 73 31
mcdonalds 0.0263 62 11 75 31
mcdonalds 0.0240 186 91 195 102
mcdonalds 0.0238 42 27 51 42
mcdonalds 0.0209 53 18 67 35
naixue 0.0316 23 16 55 67
naixue 0.0238 2 11 24 36
naixue 0.0219 1 5 23 57
nike 0.0204 125 25 208 43
puma 0.0325 96 124 109 130
puma 0.0317 58 46 67 51
puma 0.0313 54 50 61 58
puma 0.0294 200 77 217 89
puma 0.0289 136 97 146 104
puma 0.0285 146 49 159 56
puma 0.0284 53 54 61 63
puma 0.0277 189 70 197 81
puma 0.0272 132 97 141 111
puma 0.0270 216 103 226 115
puma 0.0261 133 48 139 54
puma 0.0260 197 75 212 91
puma 0.0257 156 52 173 60
puma 0.0238 91 16 108 23
puma 0.0234 95 42 102 49
puma 0.0223 110 18 125 24
puma 0.0220 0 42 152 168
puma 0.0219 132 91 140 101
puma 0.0209 173 98 180 110
puma 0.0205 128 82 136 86
puma 0.0203 113 27 123 32
starburks 0.0312 93 6 111 18
watsons 0.0610 118 14 208 44
watsons 0.0234 139 5 244 37
zara 0.0267 49 0 234 91
