adidas 0.0237 263 318 299 389
anta 0.0365 0 2 266 33
anta 0.0271 506 16 552 186
anta 0.0234 362 30 554 173
anta 0.0206 0 2 182 55
apple 0.0295 235 158 556 469
coco 0.0338 152 160 175 186
coco 0.0208 147 138 173 159
hotmaxx 0.0205 127 373 184 399
huawei 0.0312 163 128 310 180
huawei 0.0257 194 109 291 157
huawei 0.0215 346 327 391 338
huawei 0.0203 58 6 259 78
kfc 0.0723 145 323 164 353
kfc 0.0321 153 321 174 343
kfc 0.0232 140 373 165 391
lining 0.0380 311 179 328 190
lining 0.0250 443 210 462 220
lining 0.0250 87 204 119 219
mcdonalds 0.9895 350 74 474 185
mcdonalds 0.0504 342 58 460 147
mcdonalds 0.0345 151 166 191 208
mcdonalds 0.0317 70 222 80 242
mcdonalds 0.0249 208 254 227 278
mcdonalds 0.0245 174 275 205 293
mcdonalds 0.0233 505 47 556 209
mcdonalds 0.0206 390 403 401 411
nike 0.0245 448 419 484 446
puma 0.0523 151 166 191 208
puma 0.0450 183 6 242 27
puma 0.0284 158 5 242 42
puma 0.0261 218 228 240 245
puma 0.0234 220 5 276 24
puma 0.0228 161 173 201 211
puma 0.0222 43 149 70 166
puma 0.0221 210 323 224 339
puma 0.0220 130 176 158 200
puma 0.0218 153 231 169 247
puma 0.0216 48 226 70 241
puma 0.0210 3 0 52 111
puma 0.0201 213 334 227 354
puma 0.0200 180 3 361 12
starburks 0.0312 264 278 293 355
vivo 0.0338 496 70 525 106
vivo 0.0241 496 98 521 128
zara 0.0353 110 0 556 263
