adidas 0.0306 65 279 1351 1309
adidas 0.0219 1579 196 2301 1885
anta 0.0495 915 44 1838 363
anta 0.0405 630 81 1540 485
anta 0.0334 1046 96 1612 528
anta 0.0296 1217 287 1756 1004
anta 0.0241 1107 32 2189 1539
anta 0.0220 0 14 315 617
anta 0.0220 1983 648 2079 981
anta 0.0216 0 0 674 323
coco 0.0336 330 652 529 1016
coco 0.0312 1168 957 1359 1292
coco 0.0274 1574 281 2336 2495
huawei 0.0319 0 2056 891 2570
huawei 0.0318 1829 1659 2331 2150
huawei 0.0257 1867 1742 2322 2700
huawei 0.0251 1755 236 2327 2008
huawei 0.0235 13 2416 922 2939
huawei 0.0232 220 766 1377 1368
kfc 0.0485 1738 1508 1814 1635
kfc 0.0436 2085 175 2327 1429
kfc 0.0343 1733 1376 1851 1521
lining 0.0272 1733 1376 1851 1521
lining 0.0249 669 0 2336 1537
lining 0.0214 874 1568 965 1642
lining 0.0209 635 1624 707 1693
mcdonalds 0.0221 1863 1460 1937 1595
mcdonalds 0.0203 1511 1935 1563 2010
naixue 0.0232 2103 1526 2324 2131
naixue 0.0207 1077 681 1461 1505
nike 0.0342 1771 517 2336 1425
nike 0.0305 0 14 315 617
nike 0.0259 1345 255 2161 1323
nike 0.0255 1191 292 1794 896
nike 0.0221 1640 2197 1848 2319
nike 0.0220 72 8 553 611
nike 0.0216 1547 587 2011 1404
oppo 0.0243 73 521 907 1407
puma 0.0442 1737 1586 1834 1770
puma 0.0334 1827 51 2192 824
puma 0.0292 1720 1663 1833 1871
puma 0.0279 1619 16 1960 393
puma 0.0256 1889 1566 1967 1672
puma 0.0253 1681 1588 1773 1700
puma 0.0239 561 1999 771 2151
puma 0.0236 1586 87 1889 875
puma 0.0229 327 2257 414 2352
puma 0.0227 1659 1708 1724 1820
puma 0.0226 1727 1750 1819 1912
puma 0.0223 1824 1559 1906 1755
puma 0.0211 1730 984 1802 1131
puma 0.0211 0 24 116 420
puma 0.0210 1986 602 2131 971
puma 0.0205 1021 1947 1064 2012
vivo 0.0690 583 1887 749 2022
vivo 0.0472 560 1847 782 1955
vivo 0.0428 74 487 673 1106
vivo 0.0254 618 2272 735 2379
vivo 0.0233 610 1947 740 2083
vivo 0.0221 1085 1819 1173 1893
vivo 0.0211 575 1971 741 2177
