adidas 0.0202 736 403 907 600
adidas 0.0200 808 371 860 477
anta 0.0386 2 3 423 49
anta 0.0288 0 1 297 85
anta 0.0230 579 1 912 76
anta 0.0221 533 1 960 45
anta 0.0211 66 0 668 35
anta 0.0208 180 3 518 75
apple 0.0232 0 194 566 706
apple 0.0229 465 237 960 704
coco 0.0423 807 328 865 459
coco 0.0299 769 313 892 501
hotmaxx 0.0218 769 667 960 710
huawei 0.0310 772 650 960 718
huawei 0.0230 477 421 746 501
kfc 0.0240 808 371 860 477
lining 0.0300 421 279 473 290
lining 0.0277 769 631 814 646
lining 0.0240 469 277 535 290
lining 0.0226 832 656 918 708
mcdonalds 0.0263 87 671 160 712
mi 0.8855 443 137 544 233
mi 0.0315 461 159 585 259
naixue 0.0385 65 301 103 343
naixue 0.0301 261 331 305 414
naixue 0.0289 68 277 99 321
naixue 0.0225 654 366 789 555
naixue 0.0220 206 481 462 664
nike 0.0222 145 289 216 311
oppo 0.0383 263 530 317 544
oppo 0.0344 446 354 544 373
oppo 0.0217 736 672 960 718
oppo 0.0208 765 665 909 710
puma 0.0391 790 457 839 482
puma 0.0346 209 338 240 357
puma 0.0297 154 463 210 498
puma 0.0247 167 455 215 481
puma 0.0224 153 476 194 506
puma 0.0220 241 539 288 552
puma 0.0208 106 292 263 379
puma 0.0207 818 420 854 488
uniqlo 0.0338 14 342 45 380
uniqlo 0.0235 41 347 76 369
uniqlo 0.0209 715 481 748 508
vivo 0.0394 832 656 918 708
watsons 0.0284 751 655 960 712
zara 0.1809 620 488 757 534
zara 0.0448 210 0 918 376
zara 0.0220 39 269 70 293
zara 0.0200 648 489 717 540
