hm 0.2069 2 196 120 303
hotmaxx 0.0497 2 196 120 303
hotmaxx 0.0288 3 244 133 307
huawei 0.0730 3 208 125 309
huawei 0.0428 2 80 182 134
huawei 0.0302 446 127 517 140
huawei 0.0259 0 40 188 90
huawei 0.0256 16 276 75 295
huawei 0.0234 565 3 659 62
huawei 0.0231 0 126 168 173
huawei 0.0223 9 303 56 317
kfc 0.0279 424 195 450 216
kfc 0.0246 5 192 80 306
kfc 0.0235 8 188 39 263
lining 0.0390 521 261 611 284
lining 0.0260 413 293 519 341
lining 0.0230 446 127 517 140
mi 0.8152 226 54 348 202
mi 0.1304 445 51 640 182
mi 0.0241 606 27 655 225
mi 0.0210 2 196 120 303
naixue 0.0434 2 196 120 303
naixue 0.0261 0 80 17 151
naixue 0.0257 634 78 659 160
naixue 0.0235 628 86 658 133
naixue 0.0229 1 65 31 97
naixue 0.0216 1 56 18 124
naixue 0.0200 598 4 660 103
puma 0.0272 419 301 515 349
puma 0.0261 302 376 369 425
puma 0.0226 395 50 420 64
puma 0.0223 631 140 655 209
uniqlo 0.4281 5 218 79 296
uniqlo 0.1192 2 196 120 303
zara 0.0490 131 0 660 246
zara 0.0296 17 115 42 137
zara 0.0251 16 95 42 114
zara 0.0207 16 70 43 87
