adidas 0.0327 312 252 415 344
adidas 0.0324 375 249 480 335
adidas 0.0259 335 241 519 345
adidas 0.0234 431 243 527 348
adidas 0.0230 453 306 482 337
anta 0.0285 250 4 482 45
anta 0.0236 458 0 650 48
anta 0.0223 621 173 650 226
apple 0.0532 281 118 650 422
apple 0.0229 454 301 484 327
apple 0.0221 314 254 336 264
hotmaxx 0.0617 125 0 650 320
huawei 0.0377 522 335 561 355
huawei 0.0236 518 337 549 348
huawei 0.0228 1 220 185 266
huawei 0.0224 537 217 559 228
huawei 0.0219 518 350 545 358
huawei 0.0213 125 0 650 320
huawei 0.0208 18 259 193 305
huawei 0.0204 552 1 650 60
lining 0.0637 386 246 426 256
lining 0.0436 384 253 411 263
lining 0.0302 414 245 458 254
lining 0.0267 411 260 431 269
lining 0.0263 94 27 141 53
lining 0.0204 406 251 441 261
mcdonalds 0.0547 270 383 314 434
mcdonalds 0.0254 282 385 306 410
mcdonalds 0.0211 281 118 650 422
mi 0.6517 93 43 143 104
naixue 0.0405 518 337 549 348
naixue 0.0403 522 335 561 355
naixue 0.0400 204 245 230 264
naixue 0.0264 143 233 172 254
naixue 0.0251 257 242 281 258
nike 0.0278 205 123 415 177
oppo 0.0441 277 264 321 273
puma 0.0508 271 164 648 435
puma 0.0449 401 259 453 272
puma 0.0443 109 250 137 267
puma 0.0375 335 106 510 239
puma 0.0358 197 350 216 362
puma 0.0318 618 181 648 251
puma 0.0312 392 258 419 277
puma 0.0299 398 258 426 272
puma 0.0255 180 264 206 284
puma 0.0252 293 144 612 297
puma 0.0248 446 90 486 167
puma 0.0240 452 325 476 347
puma 0.0237 210 327 234 353
puma 0.0214 83 308 113 321
puma 0.0213 70 249 101 286
puma 0.0213 122 309 147 321
puma 0.0209 185 256 212 277
puma 0.0208 165 304 187 323
puma 0.0205 114 314 137 330
puma 0.0205 233 300 286 326
puma 0.0204 256 389 288 421
puma 0.0202 343 104 381 154
puma 0.0201 315 273 334 282
uniqlo 0.0723 93 43 143 104
zara 0.0516 131 0 650 249
zara 0.0239 522 335 557 356
