adidas 0.0406 63 1556 432 1828
adidas 0.0305 2340 1848 2873 2581
adidas 0.0215 2773 1822 2952 1927
adidas 0.0211 2409 1534 2823 2397
adidas 0.0207 2626 1286 2766 1408
anta 0.0227 0 10 1073 276
anta 0.0213 702 0 1799 348
anta 0.0208 829 6 3001 184
apple 0.0236 2245 1912 2949 2519
apple 0.0214 2676 1796 3307 2501
huawei 0.0221 2802 7 3456 583
huawei 0.0220 2766 2050 2935 2107
huawei 0.0213 2166 1859 2399 1961
lining 0.0592 1871 992 2088 1061
lining 0.0285 2048 1006 2227 1064
lining 0.0208 112 1585 385 1748
lining 0.0200 51 1552 230 1714
mcdonalds 0.0250 418 2067 589 2188
mcdonalds 0.0216 2570 929 2756 1071
mcdonalds 0.0210 449 2112 560 2233
mi 0.8988 495 608 921 1012
mi 0.0228 734 3215 928 3398
mi 0.0203 1977 3269 2262 3456
naixue 0.0218 2734 1515 2886 1601
nike 0.0209 444 1350 2863 2042
oppo 0.0267 2731 1484 2913 1557
puma 0.0633 1024 2021 1169 2111
puma 0.0534 63 1556 432 1828
puma 0.0267 1858 1811 1930 1907
puma 0.0251 756 1759 940 1844
puma 0.0250 579 1597 662 1683
puma 0.0239 368 1619 471 1727
puma 0.0239 1490 1927 1597 2008
puma 0.0204 2280 1129 2404 1229
puma 0.0204 3281 1948 3432 2303
puma 0.0203 2188 1177 2330 1305
vivo 0.0432 107 1572 416 1683
vivo 0.0200 96 1536 324 1657
zara 0.0463 757 0 3304 1794
zara 0.0303 2644 1308 2851 1380
zara 0.0254 2679 1510 2841 1563
zara 0.0218 85 1557 466 1917
