adidas 0.0314 27 259 62 283
anta 0.0226 462 0 760 64
anta 0.0215 0 1 457 41
anta 0.0204 0 0 320 69
anta 0.0201 615 2 1009 66
apple 0.0404 608 506 785 608
apple 0.0323 681 182 724 200
apple 0.0279 256 453 297 478
apple 0.0275 496 498 687 608
apple 0.0258 594 518 654 593
apple 0.0250 267 450 304 469
apple 0.0237 328 473 378 508
apple 0.0217 0 49 601 531
huawei 0.0269 529 433 960 480
huawei 0.0239 65 328 108 361
huawei 0.0212 799 0 1054 80
kfc 0.0323 843 338 887 372
kfc 0.0219 859 328 919 352
kfc 0.0209 794 320 867 368
lining 0.0385 585 229 645 242
lining 0.0276 591 197 653 212
lining 0.0262 546 202 594 214
lining 0.0206 441 178 487 186
mcdonalds 0.0309 840 266 878 294
mi 0.6640 441 70 502 145
mi 0.2681 835 269 875 297
mi 0.0923 829 263 864 293
mi 0.0573 821 293 869 314
mi 0.0506 859 292 903 311
mi 0.0418 852 266 906 292
mi 0.0240 822 306 860 332
mi 0.0237 930 143 962 162
mi 0.0217 250 433 285 459
mi 0.0210 450 493 503 545
naixue 0.0407 465 233 507 251
naixue 0.0292 922 161 976 188
naixue 0.0288 579 219 616 237
naixue 0.0282 671 182 739 213
naixue 0.0255 535 208 571 223
naixue 0.0231 638 181 696 211
naixue 0.0224 307 264 460 416
naixue 0.0224 572 196 633 215
naixue 0.0216 525 230 561 246
naixue 0.0214 846 33 1018 175
naixue 0.0213 407 200 442 222
nike 0.0279 578 57 1027 127
nike 0.0254 96 453 180 485
nike 0.0233 761 48 1071 139
nike 0.0227 628 3 990 99
nike 0.0222 95 412 180 438
puma 0.0407 634 1 769 35
puma 0.0287 2 0 89 156
puma 0.0281 731 393 771 406
puma 0.0244 258 298 303 314
puma 0.0231 109 228 168 256
puma 0.0228 691 1 835 33
puma 0.0226 695 405 723 418
puma 0.0225 86 231 151 253
puma 0.0207 408 213 434 242
puma 0.0200 131 239 168 266
uniqlo 0.0299 835 269 875 297
uniqlo 0.0260 813 178 840 196
zara 0.0390 248 0 1043 334
zara 0.0249 471 230 521 245
zara 0.0224 599 278 645 289
zara 0.0219 221 161 295 190
zara 0.0219 729 341 1073 413
