adidas 0.0261 973 889 1001 937
adidas 0.0246 954 906 996 964
adidas 0.0213 406 657 607 1044
adidas 0.0205 391 420 583 897
anta 0.0356 0 5 673 110
anta 0.0294 133 10 598 189
anta 0.0240 0 42 123 636
huawei 0.0326 2 940 439 1114
huawei 0.0226 0 1109 456 1297
huawei 0.0208 486 1089 683 1346
huawei 0.0200 213 9 929 112
lining 0.0395 762 916 838 940
lining 0.0303 119 1016 197 1052
lining 0.0274 703 84 841 266
mcdonalds 0.0940 699 140 850 420
mi 0.9354 684 132 861 462
mi 0.0267 703 181 905 558
mi 0.0252 1129 1759 1210 1850
mi 0.0225 817 1745 887 1830
naixue 0.0226 0 1088 131 1667
naixue 0.0217 10 1193 960 1866
naixue 0.0214 672 890 716 928
nike 0.0224 544 1681 753 1866
oppo 0.0218 828 1008 909 1043
puma 0.0263 309 1091 361 1139
puma 0.0204 1243 926 1276 961
zara 0.0318 726 1006 843 1051
zara 0.0298 1141 939 1187 966
zara 0.0282 332 0 1333 1026
zara 0.0260 675 1007 784 1050
