adidas 0.0411 205 308 292 348
adidas 0.0378 141 249 175 270
adidas 0.0325 67 389 230 498
adidas 0.0280 294 334 319 354
adidas 0.0252 368 284 399 307
anta 0.0233 27 472 75 494
anta 0.0215 5 1 220 37
apple 0.0215 250 183 546 519
coco 0.0275 439 302 453 332
coco 0.0223 70 493 179 519
hotmaxx 0.0374 350 305 429 331
huawei 0.0358 205 324 295 346
lining 0.0686 210 306 284 332
lining 0.0237 477 281 532 312
lining 0.0220 97 307 126 341
mcdonalds 0.0271 232 363 270 381
mcdonalds 0.0200 318 22 343 43
mi 0.9925 246 27 368 126
mi 0.1963 234 11 346 94
naixue 0.0201 407 269 425 284
nike 0.0408 105 349 299 413
nike 0.0248 112 332 140 367
nike 0.0203 98 289 173 340
oppo 0.0524 75 473 170 521
oppo 0.0226 427 30 535 53
puma 0.0429 278 318 462 441
puma 0.0293 102 314 289 449
puma 0.0270 213 325 395 442
puma 0.0253 350 308 476 385
puma 0.0251 352 337 468 428
puma 0.0217 370 390 396 410
puma 0.0204 361 379 397 407
puma 0.0204 318 327 409 431
watsons 0.2010 210 317 290 364
watsons 0.1064 205 324 295 346
watsons 0.0589 210 306 284 332
watsons 0.0463 445 295 540 330
watsons 0.0392 354 302 419 328
watsons 0.0307 351 295 427 345
watsons 0.0253 89 273 175 333
zara 0.0202 27 387 70 400
