adidas 0.0420 209 286 256 335
adidas 0.0252 182 256 277 332
adidas 0.0241 169 277 400 435
anta 0.0302 2 4 300 45
anta 0.0202 1 2 223 70
apple 0.0425 419 241 445 276
apple 0.0348 99 245 180 332
apple 0.0212 193 433 219 458
apple 0.0205 339 269 385 315
apple 0.0204 337 224 386 243
huawei 0.0307 341 163 395 174
huawei 0.0291 0 342 237 392
huawei 0.0250 0 404 232 462
huawei 0.0207 0 283 226 349
huawei 0.0203 108 410 353 461
kfc 0.0214 12 313 35 337
kfc 0.0207 6 300 23 355
lining 0.0223 16 216 47 229
lining 0.0203 275 339 336 353
mcdonalds 0.0364 377 19 416 48
mcdonalds 0.0299 565 298 610 345
mcdonalds 0.0257 541 288 628 366
mi 0.9606 324 43 438 141
mi 0.9450 307 5 421 118
naixue 0.0391 613 245 653 278
naixue 0.0243 191 294 248 340
naixue 0.0236 0 225 61 428
naixue 0.0231 635 241 674 280
naixue 0.0203 641 190 676 221
nike 0.0563 487 302 533 340
nike 0.0250 190 259 225 284
nike 0.0233 156 263 696 576
nike 0.0213 500 281 543 315
nike 0.0203 499 290 532 325
oppo 0.0426 630 102 694 119
oppo 0.0299 3 0 333 11
oppo 0.0206 463 0 719 12
oppo 0.0201 508 35 655 55
puma 0.0366 601 293 633 348
puma 0.0354 418 244 455 284
puma 0.0286 430 186 531 267
puma 0.0272 190 275 248 313
puma 0.0253 614 333 636 366
puma 0.0237 495 306 527 339
zara 0.0260 364 400 393 412
zara 0.0223 268 254 719 574
