adidas 0.0315 55 121 177 228
anta 0.0332 377 4 585 44
anta 0.0210 363 2 672 28
apple 0.0320 180 15 383 119
apple 0.0274 300 102 722 372
apple 0.0247 315 292 335 310
apple 0.0243 211 21 293 127
hm 0.0242 666 13 712 51
hm 0.0222 48 41 617 351
huawei 0.0419 393 338 478 352
huawei 0.0312 0 231 215 274
huawei 0.0296 627 290 689 304
huawei 0.0281 3 270 218 313
huawei 0.0249 605 188 663 204
huawei 0.0214 654 42 704 58
huawei 0.0203 608 287 669 307
huawei 0.0200 160 342 231 352
mcdonalds 0.0553 506 92 581 156
mcdonalds 0.0387 379 88 401 115
mcdonalds 0.0273 513 85 577 122
mcdonalds 0.0256 405 367 466 385
mcdonalds 0.0235 0 17 141 158
mcdonalds 0.0230 4 39 38 103
mi 0.9358 505 90 595 199
mi 0.0414 666 13 712 51
mi 0.0409 514 121 579 177
mi 0.0375 680 0 719 47
mi 0.0305 656 17 696 52
mi 0.0259 300 102 722 372
mi 0.0247 339 366 396 386
naixue 0.0216 61 183 156 319
nike 0.0228 85 295 119 306
nike 0.0213 381 106 427 128
puma 0.1283 506 266 556 283
puma 0.0950 516 265 581 284
puma 0.0801 156 145 202 176
puma 0.0544 499 262 537 288
puma 0.0528 431 206 474 219
puma 0.0503 182 177 572 347
puma 0.0488 112 145 135 161
puma 0.0466 92 150 119 169
puma 0.0416 263 240 310 269
puma 0.0399 147 231 164 240
puma 0.0383 463 244 580 308
puma 0.0377 126 146 156 162
puma 0.0373 541 286 606 306
puma 0.0372 352 209 566 309
puma 0.0348 238 182 266 203
puma 0.0343 528 251 563 271
puma 0.0341 525 283 575 306
puma 0.0333 94 187 135 205
puma 0.0325 493 249 545 267
puma 0.0317 357 291 392 307
puma 0.0313 243 182 284 203
puma 0.0310 340 259 584 309
puma 0.0292 134 233 156 249
puma 0.0291 262 1 425 152
puma 0.0262 201 211 325 303
puma 0.0258 236 180 275 213
puma 0.0252 379 0 471 28
puma 0.0247 287 271 318 282
puma 0.0245 421 206 459 226
puma 0.0241 54 249 87 261
puma 0.0235 109 145 149 176
puma 0.0234 258 53 387 133
puma 0.0231 183 152 210 176
puma 0.0220 131 236 145 251
puma 0.0216 0 93 413 389
puma 0.0209 124 185 169 206
puma 0.0207 315 275 331 288
puma 0.0201 190 135 212 148
puma 0.0200 145 180 195 210
uniqlo 0.0280 675 5 715 60
uniqlo 0.0238 0 0 722 391
zara 0.0359 155 0 694 230
