anta 0.0256 440 1 641 54
anta 0.0217 148 6 392 47
anta 0.0213 3 37 206 227
apple 0.1035 434 43 488 98
apple 0.0356 405 62 492 198
apple 0.0308 380 106 470 193
apple 0.0251 0 95 445 475
coco 0.0331 380 106 470 193
coco 0.0216 2 0 65 61
hm 0.0224 26 12 676 386
hotmaxx 0.0294 0 4 708 361
huawei 0.0475 209 23 377 50
huawei 0.0295 177 61 287 72
huawei 0.0245 189 79 257 95
lining 0.0561 56 54 132 82
lining 0.0540 25 37 140 106
lining 0.0213 17 157 60 173
mi 0.0356 18 445 108 479
naixue 0.1166 533 98 638 230
naixue 0.0766 634 90 708 235
naixue 0.0597 493 104 613 219
naixue 0.0255 457 54 690 235
nike 0.0263 198 139 459 211
nike 0.0257 624 431 712 466
nike 0.0250 145 138 362 205
puma 0.0383 3 37 206 227
puma 0.0308 62 38 160 176
puma 0.0299 123 0 720 348
puma 0.0224 5 34 49 73
puma 0.0213 641 5 688 38
uniqlo 0.0204 0 0 720 397
watsons 0.0222 0 4 708 361
zara 0.0261 0 4 708 361
