adidas 0.1047 388 120 559 194
adidas 0.0365 350 337 619 456
anta 0.0265 327 5 551 89
anta 0.0234 320 279 386 298
apple 0.0411 318 167 700 467
apple 0.0204 514 64 540 96
huawei 0.0431 503 349 582 366
huawei 0.0430 288 178 337 194
huawei 0.0306 272 67 341 90
huawei 0.0288 335 155 385 180
lining 0.0300 18 156 56 170
lining 0.0285 39 155 94 169
mcdonalds 0.0278 544 432 599 464
mcdonalds 0.0239 217 148 250 184
mcdonalds 0.0204 76 139 115 164
mi 0.0267 514 64 540 96
mi 0.0224 207 189 276 324
naixue 0.7265 10 164 83 236
naixue 0.0907 13 188 65 221
naixue 0.0878 7 184 131 243
naixue 0.0416 5 175 51 216
naixue 0.0288 13 172 67 203
naixue 0.0206 197 144 227 188
nike 0.0644 320 87 567 140
nike 0.0304 516 321 615 342
nike 0.0282 323 49 568 166
nike 0.0251 505 314 630 350
nike 0.0234 408 84 635 136
nike 0.0229 278 40 477 96
nike 0.0214 282 18 426 62
nike 0.0210 548 68 627 91
puma 0.0667 139 347 162 362
puma 0.0441 390 2 506 53
puma 0.0283 353 2 473 46
puma 0.0282 39 27 186 115
puma 0.0231 127 344 155 366
puma 0.0215 50 72 90 89
puma 0.0215 54 33 114 81
puma 0.0204 98 5 244 46
puma 0.0200 68 9 154 109
zara 0.0362 370 181 558 202
zara 0.0324 129 0 686 265
