adidas 0.0234 343 218 440 338
adidas 0.0200 149 355 181 397
anta 0.0229 5 429 33 469
apple 0.0297 185 185 219 220
apple 0.0275 0 50 374 436
apple 0.0222 386 81 520 175
apple 0.0201 521 103 684 248
apple 0.0200 296 145 700 486
hotmaxx 0.0237 576 438 688 470
huawei 0.0255 289 4 518 73
huawei 0.0226 288 195 487 239
huawei 0.0216 248 0 691 23
huawei 0.0204 278 54 519 98
kfc 0.0752 149 355 181 397
kfc 0.0350 153 366 187 389
kfc 0.0327 371 443 406 464
kfc 0.0265 266 361 300 377
kfc 0.0260 147 366 167 386
kfc 0.0205 136 365 161 389
lining 0.0214 404 453 442 472
mcdonalds 0.0598 474 408 521 439
mcdonalds 0.0318 345 415 372 431
mcdonalds 0.0212 628 233 652 267
mi 0.0256 475 410 525 436
mi 0.0237 0 119 395 487
mi 0.0206 296 145 700 486
naixue 0.1950 534 192 583 234
naixue 0.1371 212 82 264 135
naixue 0.0782 545 199 576 224
naixue 0.0362 400 258 428 287
naixue 0.0294 0 36 54 242
naixue 0.0292 249 353 280 378
naixue 0.0271 111 272 131 295
naixue 0.0267 115 260 138 286
naixue 0.0266 487 197 504 212
naixue 0.0239 389 256 417 283
naixue 0.0230 485 223 503 238
naixue 0.0218 0 112 16 188
naixue 0.0214 0 30 28 108
naixue 0.0208 0 168 51 393
nike 0.0378 597 123 692 198
nike 0.0300 654 151 690 176
nike 0.0214 338 311 367 328
nike 0.0210 624 182 679 209
puma 0.0311 552 84 586 117
puma 0.0285 592 185 628 215
puma 0.0259 623 191 655 218
puma 0.0251 625 102 696 260
puma 0.0248 116 259 133 275
puma 0.0229 183 310 211 338
puma 0.0227 546 156 665 234
puma 0.0223 543 195 570 216
puma 0.0220 592 119 693 218
puma 0.0212 179 303 216 327
uniqlo 0.0769 534 192 583 234
uniqlo 0.0277 6 306 32 341
uniqlo 0.0235 64 310 88 327
zara 0.0704 143 0 687 270
zara 0.0243 1 16 39 67
