adidas 0.0271 145 117 356 239
adidas 0.0203 489 246 512 262
adidas 0.0202 191 156 222 181
anta 0.0373 189 25 318 121
anta 0.0290 410 342 460 361
anta 0.0240 507 278 558 314
apple 0.0251 245 33 300 95
apple 0.0245 322 162 700 525
apple 0.0225 131 12 305 182
apple 0.0217 5 98 113 263
apple 0.0211 262 433 372 524
apple 0.0201 0 131 419 518
huawei 0.1241 101 107 231 132
huawei 0.0986 153 112 226 128
huawei 0.0452 249 156 482 203
huawei 0.0378 327 113 381 124
huawei 0.0317 290 110 343 123
huawei 0.0255 634 414 677 436
huawei 0.0226 599 4 700 80
lining 0.0725 235 259 328 278
lining 0.0366 206 253 284 275
lining 0.0282 385 131 414 139
lining 0.0226 519 119 569 138
lining 0.0214 227 242 257 253
mcdonalds 0.0258 481 17 581 75
naixue 0.5685 510 136 583 207
naixue 0.0742 57 11 148 71
naixue 0.0211 480 433 690 525
naixue 0.0205 0 117 46 368
nike 0.0275 75 46 304 114
nike 0.0273 246 51 530 115
nike 0.0210 155 0 700 339
puma 0.0574 370 416 420 443
puma 0.0522 357 415 397 448
puma 0.0371 5 100 31 159
puma 0.0343 354 414 375 438
puma 0.0338 479 5 572 46
puma 0.0320 513 2 628 49
puma 0.0299 322 419 346 439
puma 0.0282 6 100 40 134
puma 0.0245 179 17 218 40
puma 0.0229 107 226 132 243
puma 0.0221 347 413 365 434
puma 0.0220 411 250 444 276
puma 0.0203 155 0 700 339
puma 0.0202 120 0 234 51
puma 0.0200 222 259 331 309
starburks 0.0328 505 142 581 207
vivo 0.0200 401 36 443 57
zara 0.0281 161 0 678 304
