adidas 0.0351 598 190 675 330
adidas 0.0291 496 285 525 304
adidas 0.0261 275 247 297 257
adidas 0.0235 594 251 674 349
adidas 0.0233 282 242 321 259
adidas 0.0208 439 206 675 324
adidas 0.0202 286 169 594 312
anta 0.0289 0 2 206 38
anta 0.0248 70 4 282 51
coco 0.0280 75 186 149 261
hotmaxx 0.0240 185 0 675 296
hotmaxx 0.0216 554 384 660 448
huawei 0.0271 327 48 552 94
huawei 0.0225 499 290 538 301
huawei 0.0203 554 384 660 448
kfc 0.0596 0 68 377 379
naixue 0.8041 85 71 269 313
naixue 0.1272 43 151 252 285
naixue 0.0952 301 180 660 436
naixue 0.0574 0 55 186 450
naixue 0.0490 0 310 452 443
naixue 0.0351 397 288 484 356
naixue 0.0343 144 265 559 341
naixue 0.0282 0 263 285 349
naixue 0.0268 110 145 271 370
naixue 0.0255 52 127 373 351
naixue 0.0241 54 101 278 213
naixue 0.0224 268 250 635 354
naixue 0.0210 6 128 54 303
oppo 0.0241 388 0 675 25
puma 0.0344 596 3 652 23
puma 0.0315 501 229 525 258
puma 0.0312 182 5 273 45
puma 0.0272 500 286 525 314
puma 0.0260 611 324 649 352
puma 0.0255 533 233 560 249
puma 0.0244 567 255 606 279
puma 0.0242 536 313 564 334
puma 0.0207 483 223 525 289
puma 0.0205 569 350 590 372
puma 0.0204 440 228 520 297
puma 0.0202 575 1 675 14
starburks 0.0453 201 133 671 443
starburks 0.0364 7 113 351 359
starburks 0.0301 79 83 256 277
starburks 0.0219 38 98 502 445
uniqlo 0.0203 0 68 377 379
vivo 0.0348 622 289 672 337
zara 0.0246 413 0 599 4
zara 0.0239 284 0 450 4
zara 0.0225 571 37 593 60
