adidas 0.0294 782 312 847 344
anta 0.0450 469 2 715 12
anta 0.0365 0 4 451 44
anta 0.0349 0 3 313 80
anta 0.0321 548 7 767 92
anta 0.0307 846 38 1000 167
anta 0.0255 797 115 995 210
anta 0.0222 636 7 857 88
anta 0.0220 409 0 697 73
hotmaxx 0.0310 514 124 878 204
hotmaxx 0.0209 205 0 973 360
huawei 0.1259 547 125 872 208
huawei 0.0259 0 392 225 471
huawei 0.0231 568 189 689 200
huawei 0.0231 848 2 1000 88
kfc 0.0229 0 100 544 585
lining 0.0259 745 221 815 236
mcdonalds 0.0272 741 268 777 288
mcdonalds 0.0215 212 77 257 126
naixue 0.2060 381 63 518 202
naixue 0.1520 369 47 473 173
naixue 0.0566 399 57 484 140
naixue 0.0241 0 221 71 537
nike 0.0230 570 6 1000 50
nike 0.0216 596 9 909 75
puma 0.0693 99 600 178 631
puma 0.0569 304 413 391 460
puma 0.0537 240 407 342 464
puma 0.0526 217 395 379 475
puma 0.0492 191 461 229 490
puma 0.0450 213 433 247 500
puma 0.0355 205 417 245 464
puma 0.0351 318 425 363 462
puma 0.0334 697 415 753 450
puma 0.0330 355 413 422 470
puma 0.0328 527 96 575 131
puma 0.0292 798 307 837 336
puma 0.0291 215 388 262 486
puma 0.0283 152 602 218 630
puma 0.0280 691 428 733 466
puma 0.0278 313 403 373 435
puma 0.0270 65 595 131 629
puma 0.0261 684 594 732 623
puma 0.0260 641 598 687 633
puma 0.0257 224 459 273 481
puma 0.0246 177 418 219 476
puma 0.0236 217 407 288 462
puma 0.0223 645 416 706 447
puma 0.0222 173 456 221 504
puma 0.0209 254 417 320 474
puma 0.0205 677 587 743 637
puma 0.0201 569 568 604 593
vivo 0.0505 542 101 730 178
vivo 0.0380 547 125 872 208
zara 0.1828 547 125 872 208
zara 0.0466 542 101 730 178
zara 0.0228 205 0 973 360
