adidas 0.0580 343 188 362 211
adidas 0.0424 342 185 370 206
adidas 0.0207 0 132 48 371
anta 0.0521 419 510 481 545
anta 0.0466 410 507 457 546
anta 0.0311 16 620 71 650
anta 0.0279 400 496 524 567
anta 0.0256 0 2 225 50
anta 0.0226 316 3 483 74
anta 0.0203 0 3 163 79
apple 0.0239 11 229 140 385
huawei 0.0597 305 378 423 407
huawei 0.0304 240 77 297 105
huawei 0.0297 446 90 525 223
huawei 0.0294 446 44 524 158
huawei 0.0264 379 75 426 103
huawei 0.0259 101 347 280 407
huawei 0.0220 0 350 161 414
huawei 0.0211 302 399 419 419
huawei 0.0210 216 31 309 67
huawei 0.0202 0 219 149 275
lining 0.0450 273 609 307 635
lining 0.0311 185 143 216 167
lining 0.0277 442 124 521 151
lining 0.0231 364 600 405 612
lining 0.0227 362 611 395 627
lining 0.0227 276 187 302 203
lining 0.0216 461 129 510 158
lining 0.0200 424 156 438 169
naixue 0.7731 296 205 450 418
naixue 0.0308 259 223 313 434
naixue 0.0306 268 250 494 469
naixue 0.0238 290 307 456 413
nike 0.0373 13 526 122 553
nike 0.0306 446 590 467 614
nike 0.0223 412 501 525 596
oppo 0.0259 0 0 169 8
oppo 0.0255 375 177 430 200
oppo 0.0220 370 166 429 187
oppo 0.0216 13 526 122 553
puma 0.0256 198 517 224 546
puma 0.0210 276 624 312 671
starburks 0.0321 286 219 478 482
vivo 0.0400 232 577 294 599
vivo 0.0281 313 246 332 259
vivo 0.0264 13 526 122 553
vivo 0.0262 79 34 109 54
vivo 0.0204 21 621 68 680
vivo 0.0204 306 268 318 280
watsons 0.0363 370 166 429 187
watsons 0.0319 442 124 521 151
watsons 0.0204 203 141 385 216
zara 0.0316 110 0 513 402
