adidas 0.0490 724 150 853 392
adidas 0.0237 72 159 242 359
adidas 0.0218 287 54 460 178
adidas 0.0211 3 216 100 451
adidas 0.0208 90 82 231 297
adidas 0.0200 297 13 460 134
apple 0.0629 369 227 425 299
apple 0.0362 251 78 494 299
apple 0.0331 189 267 232 311
apple 0.0270 1 163 145 342
apple 0.0255 601 115 792 250
apple 0.0252 262 228 487 417
apple 0.0237 0 183 723 712
apple 0.0230 35 115 271 240
apple 0.0214 587 50 798 175
apple 0.0206 0 275 195 486
coco 0.0305 241 677 402 712
coco 0.0272 312 664 417 709
coco 0.0259 279 643 438 711
hotmaxx 0.0203 0 0 967 505
huawei 0.0285 567 348 607 366
huawei 0.0276 714 490 844 504
huawei 0.0239 525 139 849 208
huawei 0.0231 567 419 616 434
huawei 0.0206 522 75 857 142
huawei 0.0205 351 316 405 328
huawei 0.0203 462 387 509 402
huawei 0.0201 1 420 332 489
huawei 0.0200 572 385 611 399
kfc 0.0214 137 639 177 673
kfc 0.0213 326 628 400 689
lining 0.0333 313 574 433 600
mcdonalds 0.0267 223 590 273 638
mcdonalds 0.0206 456 433 480 463
mi 0.0251 949 44 1052 334
naixue 0.8085 676 321 883 509
naixue 0.0275 689 347 743 466
naixue 0.0248 226 571 511 707
naixue 0.0226 0 2 98 243
naixue 0.0224 509 289 630 512
naixue 0.0220 0 333 89 598
nike 0.0255 5 634 169 708
nike 0.0231 129 129 401 212
nike 0.0213 316 392 377 419
oppo 0.0205 573 2 1060 37
puma 0.0635 849 294 890 342
puma 0.0416 232 565 324 597
puma 0.0306 221 567 282 609
puma 0.0301 201 563 249 587
puma 0.0265 318 395 377 436
puma 0.0263 224 379 249 403
puma 0.0261 328 412 363 436
puma 0.0243 213 348 237 368
puma 0.0239 334 404 400 435
puma 0.0232 137 0 324 13
puma 0.0216 850 283 896 326
puma 0.0213 69 343 110 367
puma 0.0210 460 327 502 365
puma 0.0209 0 183 723 712
uniqlo 0.0217 926 676 1049 709
zara 0.0533 218 0 1021 393
