anta 0.0445 0 3 303 30
anta 0.0346 0 3 212 51
anta 0.0245 539 147 650 195
anta 0.0241 347 7 503 55
anta 0.0220 58 4 281 46
anta 0.0214 521 35 650 90
anta 0.0203 560 62 650 151
anta 0.0200 479 4 639 57
coco 0.0210 190 413 252 432
hotmaxx 0.1362 47 222 143 265
hotmaxx 0.0396 134 327 246 383
hotmaxx 0.0286 136 299 356 338
hotmaxx 0.0275 41 202 144 253
hotmaxx 0.0246 131 0 650 252
hotmaxx 0.0236 134 292 246 333
hotmaxx 0.0212 82 211 124 229
hotmaxx 0.0209 266 297 484 338
hotmaxx 0.0203 153 364 195 385
huawei 0.0425 48 225 142 258
huawei 0.0409 67 86 238 132
huawei 0.0252 339 97 489 136
huawei 0.0206 513 304 650 344
kfc 0.2711 493 201 585 266
kfc 0.0779 276 259 368 322
kfc 0.0504 402 260 432 316
kfc 0.0383 311 278 358 301
kfc 0.0243 118 300 132 327
kfc 0.0241 211 289 246 325
kfc 0.0234 313 279 346 315
lining 0.0291 332 280 380 307
lining 0.0273 523 135 642 174
lining 0.0232 482 175 507 185
lining 0.0206 11 143 46 156
mcdonalds 0.0472 72 280 97 308
mcdonalds 0.0469 524 307 536 328
mcdonalds 0.0389 450 186 467 194
mcdonalds 0.0374 310 204 339 231
mcdonalds 0.0355 451 203 470 215
mcdonalds 0.0349 421 208 437 220
mcdonalds 0.0258 453 194 482 206
mcdonalds 0.0221 352 237 371 262
mcdonalds 0.0208 424 188 456 198
mcdonalds 0.0204 524 331 541 354
mcdonalds 0.0201 355 346 376 369
mi 0.0227 342 262 366 281
naixue 0.6209 246 61 326 150
naixue 0.3405 503 201 589 267
naixue 0.2363 264 77 343 164
naixue 0.0542 264 65 304 124
naixue 0.0318 196 77 265 199
naixue 0.0297 541 201 626 263
naixue 0.0270 574 215 611 261
naixue 0.0269 541 200 586 259
naixue 0.0235 253 63 287 145
naixue 0.0219 592 206 649 267
nike 0.0246 553 11 633 45
nike 0.0220 570 382 639 418
puma 0.0296 402 328 426 337
puma 0.0274 628 179 647 227
puma 0.0251 0 263 72 384
puma 0.0239 625 195 648 256
puma 0.0238 356 293 437 367
puma 0.0225 291 381 325 416
puma 0.0218 176 349 204 368
puma 0.0212 2 2 60 101
puma 0.0211 393 270 423 298
puma 0.0205 4 308 38 344
starburks 0.1099 503 201 589 267
starburks 0.0201 576 219 631 257
uniqlo 0.0276 243 62 321 152
uniqlo 0.0240 211 289 246 325
vivo 0.0639 343 96 454 126
zara 0.0761 48 225 142 258
