adidas 0.0229 62 253 82 266
anta 0.0255 468 0 630 53
anta 0.0218 226 1 332 9
apple 0.0219 299 160 650 435
coco 0.0205 203 60 223 96
huawei 0.1173 247 57 490 94
huawei 0.0560 240 36 372 66
huawei 0.0382 252 78 372 89
huawei 0.0365 277 81 373 92
huawei 0.0285 317 216 530 257
lining 0.0279 449 148 491 159
lining 0.0217 398 124 423 130
mcdonalds 0.0216 148 155 166 171
naixue 0.4641 133 27 217 112
naixue 0.0244 136 28 183 98
naixue 0.0232 79 287 105 312
naixue 0.0228 0 225 58 406
naixue 0.0218 77 279 106 301
puma 0.0629 451 160 487 180
puma 0.0380 250 330 379 430
puma 0.0377 330 392 353 413
puma 0.0367 78 162 102 189
puma 0.0327 318 341 346 378
puma 0.0294 246 358 270 411
puma 0.0290 338 329 372 363
puma 0.0282 317 364 353 385
puma 0.0273 427 151 496 197
puma 0.0259 308 321 387 433
puma 0.0255 240 349 308 423
puma 0.0242 347 391 374 413
puma 0.0239 316 362 341 394
puma 0.0235 269 363 323 390
puma 0.0227 526 352 552 365
puma 0.0224 573 3 626 36
puma 0.0220 579 287 605 309
puma 0.0219 76 160 93 173
puma 0.0217 523 365 540 377
puma 0.0213 34 155 82 185
puma 0.0208 246 374 275 425
puma 0.0205 344 389 382 421
puma 0.0204 148 155 166 171
puma 0.0203 424 358 437 375
puma 0.0201 256 366 283 393
vivo 0.0724 240 36 372 66
watsons 0.0257 547 257 608 269
zara 0.0374 140 0 609 225
zara 0.0229 74 234 120 248
