anta 0.1377 561 385 770 483
anta 0.0453 0 5 504 52
anta 0.0332 0 4 360 88
anta 0.0316 1031 20 1125 251
anta 0.0279 56 660 177 694
anta 0.0277 196 5 609 76
anta 0.0248 919 17 1120 205
anta 0.0200 59 0 762 37
apple 0.1010 535 195 1125 675
apple 0.0249 0 102 610 660
hotmaxx 0.0254 202 0 1125 576
kfc 0.0333 605 555 644 587
kfc 0.0302 549 583 583 601
kfc 0.0270 563 558 608 581
lining 0.0258 580 389 820 504
mcdonalds 0.0415 360 430 406 512
mcdonalds 0.0344 634 87 833 305
mcdonalds 0.0329 266 290 309 396
mcdonalds 0.0328 535 195 1125 675
mcdonalds 0.0310 345 451 416 517
mcdonalds 0.0260 414 464 465 506
mcdonalds 0.0250 245 577 291 629
mcdonalds 0.0231 549 583 583 601
mcdonalds 0.0200 411 426 462 500
mi 0.0270 535 195 1125 675
nike 0.4054 562 388 733 489
nike 0.3582 586 322 830 524
nike 0.0761 572 400 831 503
nike 0.0576 602 378 773 465
nike 0.0295 426 164 470 212
nike 0.0246 917 440 1074 474
nike 0.0242 739 362 800 396
nike 0.0207 926 361 1125 465
nike 0.0206 928 432 1124 525
puma 0.0932 562 388 733 489
puma 0.0658 363 221 424 280
puma 0.0558 928 558 963 576
puma 0.0479 404 184 487 253
puma 0.0466 673 368 772 444
puma 0.0381 895 571 927 599
puma 0.0373 419 193 467 249
puma 0.0341 367 233 406 292
puma 0.0337 1031 20 1125 251
puma 0.0331 360 313 399 369
puma 0.0329 973 563 1000 599
puma 0.0323 425 267 461 323
puma 0.0312 475 168 535 249
puma 0.0254 570 436 677 497
puma 0.0251 846 562 888 579
puma 0.0248 510 272 557 314
puma 0.0239 292 327 334 404
puma 0.0232 202 0 1125 576
puma 0.0230 370 313 425 354
puma 0.0229 901 566 943 592
puma 0.0218 952 1 1096 39
puma 0.0218 772 190 808 249
puma 0.0216 396 593 452 609
puma 0.0214 728 192 757 249
puma 0.0208 594 564 647 619
puma 0.0207 646 229 688 302
puma 0.0206 290 280 333 367
puma 0.0200 650 576 697 613
puma 0.0200 610 562 653 593
zara 0.0917 203 0 1100 429
