anta 0.1216 602 105 687 166
anta 0.0400 413 3 668 54
anta 0.0319 374 2 700 31
anta 0.0315 614 23 700 190
anta 0.0275 596 120 699 248
anta 0.0274 277 1 531 54
anta 0.0271 0 1 212 40
anta 0.0265 0 0 340 29
anta 0.0263 592 97 700 195
anta 0.0250 516 5 683 67
apple 0.0427 233 316 346 429
apple 0.0235 288 154 689 492
coco 0.0593 49 222 109 303
hm 0.0252 243 147 435 449
hm 0.0214 0 0 700 525
hotmaxx 0.0434 124 3 700 370
hotmaxx 0.0377 50 154 151 209
hotmaxx 0.0250 80 146 173 216
hotmaxx 0.0209 89 107 183 204
huawei 0.0441 621 172 678 191
huawei 0.0320 0 362 194 423
huawei 0.0318 357 59 435 82
huawei 0.0235 124 3 700 370
huawei 0.0207 0 302 208 372
kfc 0.0972 47 224 128 304
kfc 0.0442 144 188 172 223
kfc 0.0384 28 171 51 189
kfc 0.0263 2 155 18 223
kfc 0.0230 140 168 170 211
kfc 0.0212 179 109 564 525
kfc 0.0204 26 195 52 211
kfc 0.0204 0 74 378 453
kfc 0.0200 189 202 209 226
lining 0.0931 602 105 687 166
mcdonalds 0.0292 158 340 190 364
mcdonalds 0.0267 288 154 689 492
mcdonalds 0.0233 149 110 180 155
mcdonalds 0.0217 168 493 229 525
mcdonalds 0.0205 137 500 249 525
mcdonalds 0.0200 610 479 665 518
naixue 0.0300 4 206 66 384
nike 0.0381 600 108 672 161
nike 0.0370 605 14 681 57
nike 0.0230 571 363 652 389
nike 0.0226 6 472 116 521
nike 0.0217 380 309 426 328
nike 0.0211 0 151 139 214
oppo 0.0211 561 478 673 508
puma 0.0900 270 132 353 305
puma 0.0615 606 121 678 166
puma 0.0432 578 204 599 217
puma 0.0317 402 307 436 331
puma 0.0312 402 338 431 363
puma 0.0277 614 131 700 340
puma 0.0270 334 227 363 259
puma 0.0261 333 210 430 367
puma 0.0259 244 255 266 269
puma 0.0257 377 304 420 331
puma 0.0253 530 323 545 343
puma 0.0252 337 157 360 179
puma 0.0242 596 120 699 248
puma 0.0239 553 306 573 317
puma 0.0236 2 4 64 127
puma 0.0235 535 293 548 313
puma 0.0234 444 261 466 291
puma 0.0233 409 330 455 349
puma 0.0231 627 255 655 276
puma 0.0229 225 136 259 186
puma 0.0224 209 255 230 275
puma 0.0213 374 305 401 336
puma 0.0213 280 220 660 513
puma 0.0211 233 140 271 174
puma 0.0205 317 168 428 304
puma 0.0204 373 191 403 232
puma 0.0203 40 195 579 525
uniqlo 0.0365 140 168 170 211
uniqlo 0.0206 0 0 700 525
watsons 0.0258 553 473 700 520
zara 0.0673 148 0 685 285
