adidas 0.0598 194 129 222 154
adidas 0.0268 206 130 250 154
anta 0.0308 210 78 479 235
anta 0.0247 315 174 388 198
apple 0.0255 249 145 661 475
apple 0.0251 244 125 354 235
apple 0.0233 246 15 413 176
huawei 0.0271 267 227 325 241
huawei 0.0210 242 230 294 244
huawei 0.0200 265 338 462 437
kfc 0.0257 97 427 129 446
kfc 0.0214 78 428 109 451
lining 0.0487 227 183 408 236
lining 0.0209 255 180 327 212
naixue 0.0233 0 105 52 313
naixue 0.0224 593 127 656 208
naixue 0.0200 586 144 657 272
nike 0.2280 227 183 408 236
nike 0.1772 254 171 380 210
nike 0.0677 235 126 451 237
nike 0.0274 236 73 351 171
oppo 0.0243 76 435 102 460
puma 0.0669 222 175 350 225
puma 0.0624 192 128 220 162
puma 0.0593 0 11 91 146
puma 0.0507 59 6 143 119
puma 0.0385 19 15 166 134
puma 0.0363 458 209 483 229
puma 0.0343 457 88 484 137
puma 0.0339 2 0 52 207
puma 0.0328 457 314 470 336
puma 0.0317 227 183 408 236
puma 0.0316 25 5 165 79
puma 0.0315 205 71 231 113
puma 0.0314 7 0 136 215
puma 0.0296 45 17 147 43
puma 0.0295 178 262 203 288
puma 0.0273 424 78 449 108
puma 0.0269 245 11 352 79
puma 0.0269 427 372 442 389
puma 0.0266 243 195 338 221
puma 0.0262 186 253 220 272
puma 0.0254 492 193 515 231
puma 0.0249 293 312 320 330
puma 0.0247 86 6 143 25
puma 0.0239 16 69 44 101
puma 0.0239 223 187 299 227
puma 0.0238 488 151 520 219
puma 0.0237 426 109 446 131
puma 0.0237 14 95 40 124
puma 0.0234 4 40 147 108
puma 0.0233 497 324 521 361
puma 0.0227 425 162 444 182
puma 0.0226 201 13 276 107
puma 0.0225 318 12 409 91
puma 0.0221 381 7 485 81
puma 0.0219 574 3 642 33
puma 0.0215 22 3 143 14
puma 0.0211 102 19 129 34
puma 0.0210 203 105 231 135
puma 0.0208 96 226 117 251
puma 0.0206 24 23 63 65
puma 0.0206 40 76 71 100
puma 0.0205 167 251 189 271
puma 0.0205 106 35 129 59
puma 0.0203 559 273 581 313
puma 0.0203 440 5 548 81
puma 0.0201 470 3 526 26
uniqlo 0.0235 0 0 661 454
watsons 0.0564 219 4 589 32
watsons 0.0238 231 6 487 50
zara 0.0348 134 362 349 434
zara 0.0210 129 0 642 287
