adidas 0.0307 18 151 526 344
adidas 0.0284 876 347 935 398
adidas 0.0265 629 288 808 496
adidas 0.0259 488 245 897 334
adidas 0.0248 872 280 1039 520
adidas 0.0247 218 201 444 390
anta 0.0219 327 154 730 259
anta 0.0202 380 1 785 86
apple 0.2646 324 109 404 193
apple 0.0341 162 152 503 266
apple 0.0269 799 4 1149 163
apple 0.0251 331 106 542 215
apple 0.0227 840 123 1056 289
apple 0.0220 301 100 448 213
apple 0.0220 46 122 341 285
apple 0.0210 678 34 983 253
coco 0.0518 328 98 405 167
hm 0.0219 86 112 1069 753
huawei 0.0559 399 227 499 257
huawei 0.0309 1024 107 1076 130
huawei 0.0258 1037 57 1102 90
lining 0.0245 206 311 389 372
lining 0.0225 0 159 632 717
naixue 0.0403 1134 24 1278 281
naixue 0.0350 458 393 529 460
naixue 0.0299 1026 102 1179 327
naixue 0.0289 817 266 866 316
naixue 0.0246 854 65 942 212
naixue 0.0237 1009 17 1280 326
naixue 0.0232 735 230 806 332
naixue 0.0210 862 95 1034 334
nike 0.1015 206 311 389 372
nike 0.0957 335 148 715 262
nike 0.0748 331 106 542 215
nike 0.0590 438 132 589 195
nike 0.0291 162 152 503 266
nike 0.0267 348 89 763 213
nike 0.0237 367 172 530 216
nike 0.0235 914 326 1251 433
nike 0.0206 363 128 501 193
nike 0.0202 0 68 253 209
oppo 0.0213 2 338 331 433
puma 0.0800 233 322 380 420
puma 0.0759 265 364 341 401
puma 0.0555 249 351 356 393
puma 0.0444 19 399 347 534
puma 0.0317 219 428 247 466
puma 0.0313 41 327 382 619
puma 0.0304 273 422 325 455
puma 0.0297 765 581 814 618
puma 0.0288 12 133 60 269
puma 0.0286 79 318 1093 853
puma 0.0273 479 1 701 84
puma 0.0264 0 124 680 716
puma 0.0264 0 218 467 647
puma 0.0240 617 7 797 85
puma 0.0229 617 16 810 145
puma 0.0227 734 7 928 164
puma 0.0223 665 15 757 71
puma 0.0201 682 141 734 206
uniqlo 0.0492 874 335 921 386
uniqlo 0.0218 0 10 1280 838
zara 0.0242 261 0 1208 478
zara 0.0209 1031 284 1069 333
