adidas 0.0717 652 199 933 396
adidas 0.0415 676 244 948 477
adidas 0.0349 478 184 777 390
adidas 0.0320 632 197 803 371
adidas 0.0275 550 233 854 475
adidas 0.0264 519 200 687 376
adidas 0.0208 754 406 819 461
adidas 0.0201 0 608 7 754
anta 0.1140 0 1 210 186
anta 0.0838 144 74 456 200
anta 0.0376 204 81 644 186
anta 0.0346 526 8 905 85
anta 0.0286 363 5 991 53
anta 0.0231 268 5 652 95
anta 0.0211 458 8 722 108
anta 0.0205 386 60 555 225
anta 0.0200 45 26 444 191
apple 0.0435 478 240 1080 788
apple 0.0418 727 221 774 259
apple 0.0398 697 238 742 300
apple 0.0379 965 539 1034 610
apple 0.0345 706 204 752 259
apple 0.0308 0 214 597 802
apple 0.0305 744 259 795 297
apple 0.0285 816 523 852 556
apple 0.0245 858 222 890 271
apple 0.0216 810 196 842 237
apple 0.0205 974 518 1023 570
apple 0.0201 724 206 818 257
apple 0.0201 926 240 953 288
apple 0.0201 184 453 359 612
apple 0.0200 810 538 841 570
hotmaxx 0.0217 503 405 858 480
huawei 0.0285 984 266 1034 295
kfc 0.0223 458 693 525 788
lining 0.0558 113 41 342 165
lining 0.0275 215 103 305 146
lining 0.0255 89 27 220 161
naixue 0.1164 921 273 955 325
naixue 0.0287 968 371 1029 440
naixue 0.0263 970 274 1006 325
naixue 0.0239 499 342 667 564
naixue 0.0226 970 318 1001 361
naixue 0.0207 1048 212 1080 368
nike 0.5231 133 71 469 206
nike 0.0337 105 52 415 156
nike 0.0327 10 723 174 803
nike 0.0242 317 336 1053 808
nike 0.0217 849 638 910 691
nike 0.0214 892 351 978 376
oppo 0.0301 911 125 1059 166
oppo 0.0271 948 178 1046 206
oppo 0.0235 800 7 949 49
oppo 0.0219 841 74 941 152
oppo 0.0212 837 35 931 108
puma 0.0442 753 395 811 440
puma 0.0302 834 523 868 542
puma 0.0296 789 408 824 443
puma 0.0251 803 394 858 421
puma 0.0244 702 304 735 349
puma 0.0243 632 197 803 371
puma 0.0233 816 523 852 556
puma 0.0228 952 632 1047 683
puma 0.0223 346 186 521 303
puma 0.0216 715 206 883 378
puma 0.0213 904 397 937 430
vivo 0.0228 272 33 333 58
vivo 0.0206 990 595 1067 628
zara 0.0370 241 0 1041 448
