adidas 0.0236 235 267 259 293
adidas 0.0213 373 21 456 120
anta 0.0540 421 152 472 165
anta 0.0395 407 143 444 156
anta 0.0334 411 150 449 167
anta 0.0222 213 2 396 36
anta 0.0208 0 1 263 21
apple 0.0303 307 307 406 366
apple 0.0242 252 304 349 363
huawei 0.0221 404 182 452 194
huawei 0.0208 345 52 369 63
huawei 0.0208 202 146 376 177
lining 0.0528 414 151 450 164
lining 0.0297 268 0 368 5
lining 0.0278 421 152 472 165
naixue 0.1657 395 71 448 110
naixue 0.0445 174 89 293 155
naixue 0.0265 266 80 324 174
naixue 0.0263 382 71 457 136
naixue 0.0220 0 164 43 327
nike 0.0372 414 151 450 164
puma 0.0293 249 220 274 229
puma 0.0257 114 320 160 340
puma 0.0240 1 3 53 86
puma 0.0224 234 91 261 111
puma 0.0217 330 65 353 78
puma 0.0208 236 83 273 96
puma 0.0201 238 85 268 104
puma 0.0200 95 308 141 327
vivo 0.0218 164 346 211 364
watsons 0.0233 196 65 244 72
watsons 0.0201 3 1 142 6
zara 0.0473 112 0 527 199
zara 0.0249 2 81 21 102
zara 0.0227 1 91 22 118
