anta 0.0246 209 2 445 74
anta 0.0229 164 0 633 35
anta 0.0210 419 3 659 72
apple 0.0346 359 35 401 71
apple 0.0263 366 31 408 60
apple 0.0239 349 43 391 77
apple 0.0204 0 225 398 700
hm 0.1559 430 112 700 346
hotmaxx 0.0246 119 7 700 456
huawei 0.0498 444 342 512 359
huawei 0.0285 53 0 242 9
huawei 0.0209 422 96 700 352
kfc 0.0259 430 112 700 346
kfc 0.0235 626 105 698 307
lining 0.0292 8 235 87 259
lining 0.0220 73 247 114 275
mcdonalds 0.0229 634 163 700 291
mcdonalds 0.0229 514 662 553 688
mcdonalds 0.0201 664 123 700 289
mi 0.0235 195 16 231 38
nike 0.0304 415 215 700 379
nike 0.0297 302 480 469 599
nike 0.0273 583 97 627 130
nike 0.0260 55 71 295 153
nike 0.0209 464 257 532 306
oppo 0.0986 0 239 230 269
oppo 0.0344 547 436 690 536
oppo 0.0321 18 222 179 276
oppo 0.0314 8 257 243 299
oppo 0.0221 542 483 599 518
puma 0.0296 487 131 517 160
puma 0.0295 302 341 340 368
puma 0.0251 554 519 589 559
puma 0.0224 590 0 687 38
puma 0.0203 300 351 326 377
starburks 0.0656 456 625 487 676
vivo 0.0420 47 242 200 266
vivo 0.0330 422 96 700 352
vivo 0.0201 25 27 75 53
zara 0.0520 0 239 230 269
zara 0.0326 422 96 700 352
