adidas 0.0245 384 9 436 66
anta 0.0290 468 58 497 73
apple 0.0216 0 81 347 314
apple 0.0202 290 233 304 242
hm 0.0294 171 14 228 71
huawei 0.0247 436 27 600 174
huawei 0.0208 0 60 167 93
huawei 0.0203 0 225 189 255
huawei 0.0201 377 45 429 64
kfc 0.0952 384 9 436 66
mcdonalds 0.0339 78 104 90 112
mcdonalds 0.0264 171 0 267 9
mcdonalds 0.0216 113 301 168 319
mcdonalds 0.0202 187 11 227 28
mi 0.0224 186 29 243 92
nike 0.0295 273 82 383 136
nike 0.0266 206 81 336 137
nike 0.0256 424 19 574 80
nike 0.0244 240 93 415 126
nike 0.0240 495 21 600 71
nike 0.0229 2 285 97 318
oppo 0.1724 250 160 357 172
oppo 0.0784 259 164 347 174
puma 0.0280 429 0 541 7
puma 0.0272 269 0 396 7
puma 0.0236 210 2 256 15
puma 0.0231 468 3 566 57
puma 0.0212 202 0 324 6
puma 0.0206 200 2 280 29
uniqlo 0.0321 289 56 316 82
watsons 0.0482 251 155 355 179
watsons 0.0334 8 68 104 79
watsons 0.0220 166 291 387 318
zara 0.2354 250 160 357 172
zara 0.0443 259 164 347 174
zara 0.0244 139 0 577 185
zara 0.0221 276 163 323 177
