adidas 0.0375 448 225 603 332
adidas 0.0301 267 420 389 492
adidas 0.0298 302 441 353 466
adidas 0.0281 360 451 421 467
adidas 0.0213 472 296 602 340
adidas 0.0212 292 445 365 459
adidas 0.0212 301 465 336 486
anta 0.0304 260 403 336 431
anta 0.0210 0 2 450 46
anta 0.0204 0 3 314 87
apple 0.0341 297 401 348 438
apple 0.0253 424 292 956 753
apple 0.0238 705 536 759 555
apple 0.0228 709 556 749 570
apple 0.0211 761 658 825 719
apple 0.0205 770 558 793 572
apple 0.0205 0 224 534 742
huawei 0.1343 479 312 601 343
huawei 0.0498 489 365 579 382
huawei 0.0376 292 445 365 459
huawei 0.0243 630 205 786 230
huawei 0.0208 776 2 956 126
nike 0.0319 695 204 935 289
nike 0.0313 260 403 336 431
nike 0.0246 213 203 423 314
nike 0.0224 222 333 889 753
oppo 0.1526 479 312 601 343
oppo 0.0345 226 384 319 399
oppo 0.0270 320 483 366 494
puma 0.0246 198 187 278 256
uniqlo 0.0294 102 406 131 422
uniqlo 0.0254 109 445 136 460
vivo 0.0751 479 312 601 343
watsons 0.0365 479 312 601 343
zara 0.0726 479 312 601 343
zara 0.0701 632 390 747 424
zara 0.0268 199 0 925 405
zara 0.0209 238 442 269 458
