adidas 0.0476 74 246 152 388
anta 0.0242 290 6 524 123
anta 0.0238 476 52 633 126
anta 0.0224 562 28 636 173
apple 0.0247 0 130 368 598
huawei 0.0676 69 356 147 382
huawei 0.0523 253 258 344 276
huawei 0.0330 198 356 387 403
huawei 0.0276 15 30 78 89
huawei 0.0229 331 2 541 14
huawei 0.0205 342 198 399 212
mcdonalds 0.0277 409 253 430 301
mcdonalds 0.0229 47 287 69 323
nike 0.0256 308 62 528 213
oppo 0.3104 248 258 340 274
oppo 0.0334 277 415 309 426
puma 0.0261 19 190 43 215
puma 0.0255 126 0 636 417
puma 0.0244 510 216 526 232
uniqlo 0.0213 0 0 636 540
vivo 0.2680 248 258 340 274
zara 0.0252 248 258 340 274
