adidas 0.0476 1 456 148 694
adidas 0.0417 0 488 283 692
adidas 0.0235 2 463 66 646
adidas 0.0218 126 184 166 224
anta 0.0304 201 4 597 60
anta 0.0212 304 6 533 93
huawei 0.0339 529 282 560 295
huawei 0.0241 522 269 637 471
huawei 0.0221 3 678 46 704
lining 0.0340 113 255 203 290
lining 0.0271 426 2 526 13
lining 0.0218 105 162 147 185
naixue 0.0674 450 49 482 104
naixue 0.0253 4 0 70 114
naixue 0.0248 518 35 640 241
naixue 0.0205 464 46 499 114
nike 0.0343 241 90 452 180
nike 0.0335 118 84 437 165
nike 0.0211 534 359 579 387
oppo 0.8530 141 280 400 329
oppo 0.0422 118 255 282 300
oppo 0.0216 1 597 40 687
puma 0.0345 222 17 354 96
puma 0.0312 411 365 438 417
puma 0.0251 451 7 539 86
puma 0.0220 143 551 176 593
puma 0.0217 16 495 73 557
puma 0.0214 296 42 344 79
puma 0.0205 411 391 441 441
vivo 0.0854 141 280 400 329
vivo 0.0311 200 376 269 386
vivo 0.0309 170 386 207 402
vivo 0.0285 338 381 370 396
vivo 0.0265 33 468 76 494
vivo 0.0238 319 428 341 445
vivo 0.0229 310 381 354 391
vivo 0.0228 339 374 374 388
vivo 0.0223 135 460 174 481
vivo 0.0216 342 415 357 430
vivo 0.0208 322 414 350 428
watsons 0.0212 224 768 488 834
