apple 0.0307 0 202 336 814
huawei 0.0253 146 414 244 431
huawei 0.0217 0 76 213 166
huawei 0.0216 182 421 266 438
huawei 0.0213 536 3 640 119
lining 0.0307 337 314 454 360
lining 0.0239 136 313 225 362
lining 0.0225 441 107 486 123
lining 0.0214 134 2 331 12
lining 0.0213 41 100 89 119
mi 0.0233 471 781 505 841
mi 0.0217 0 202 336 814
oppo 0.9721 144 339 484 394
oppo 0.2366 74 658 200 696
oppo 0.1162 92 655 176 672
oppo 0.0326 87 665 143 688
oppo 0.0270 119 654 188 670
oppo 0.0210 123 665 196 711
puma 0.0271 187 2 301 74
puma 0.0246 541 4 626 46
puma 0.0218 54 681 88 708
vivo 0.0720 234 484 271 504
vivo 0.0554 181 512 255 525
vivo 0.0463 222 512 268 525
vivo 0.0379 201 485 243 505
vivo 0.0365 75 517 111 533
vivo 0.0339 400 466 443 493
vivo 0.0298 196 528 240 541
vivo 0.0278 170 479 212 498
vivo 0.0265 228 472 278 488
vivo 0.0261 403 511 456 533
vivo 0.0256 76 524 104 539
vivo 0.0253 206 540 228 549
vivo 0.0251 234 527 262 540
vivo 0.0249 302 310 455 362
vivo 0.0248 73 483 102 499
vivo 0.0245 438 471 476 500
vivo 0.0232 176 541 197 552
vivo 0.0227 168 590 213 607
vivo 0.0218 365 514 418 535
vivo 0.0212 369 469 416 497
