adidas 0.0376 75 339 254 545
adidas 0.0331 0 301 450 491
adidas 0.0268 0 307 105 582
adidas 0.0227 17 353 140 466
anta 0.0213 871 75 1067 187
apple 0.0515 688 474 738 534
coco 0.0398 817 325 857 346
huawei 0.0346 167 325 303 346
huawei 0.0221 175 573 514 665
huawei 0.0203 664 615 699 626
lining 0.0279 418 707 477 719
lining 0.0223 632 717 670 731
lining 0.0217 692 706 741 721
lining 0.0205 472 706 512 721
naixue 0.0368 40 437 103 496
nike 0.0592 649 512 712 552
nike 0.0315 731 469 1052 590
nike 0.0257 727 517 816 558
nike 0.0227 666 510 739 555
oppo 0.1986 261 96 879 220
oppo 0.0209 585 643 639 656
puma 0.0458 973 450 1011 481
puma 0.0348 134 592 177 643
puma 0.0319 690 552 750 589
puma 0.0275 688 564 733 603
puma 0.0269 943 558 989 607
puma 0.0257 50 290 123 375
puma 0.0253 337 578 387 601
puma 0.0251 165 461 193 489
puma 0.0240 928 575 964 610
puma 0.0240 166 453 204 473
puma 0.0222 194 604 259 624
puma 0.0219 263 591 317 615
puma 0.0218 643 616 672 634
puma 0.0216 633 635 653 650
puma 0.0206 254 460 283 490
puma 0.0205 144 577 188 605
puma 0.0203 404 594 445 612
puma 0.0203 738 559 821 579
vivo 0.0273 701 622 733 646
vivo 0.0210 290 587 350 615
vivo 0.0200 700 447 738 462
watsons 0.0299 261 96 879 220
