adidas 0.0337 567 8 641 102
adidas 0.0258 138 207 170 224
adidas 0.0238 510 7 593 105
adidas 0.0227 54 145 144 251
adidas 0.0214 50 79 154 214
adidas 0.0213 0 124 56 283
anta 0.0327 312 3 525 51
anta 0.0220 466 250 521 277
anta 0.0219 301 109 338 135
apple 0.0233 37 182 160 284
apple 0.0225 399 142 446 190
apple 0.0218 144 50 298 165
coco 0.0257 566 32 622 83
coco 0.0209 434 76 481 117
hotmaxx 0.0295 430 184 540 236
huawei 0.0497 392 207 471 220
huawei 0.0353 369 229 405 250
huawei 0.0302 371 221 425 240
huawei 0.0247 388 120 415 129
huawei 0.0229 424 210 509 223
huawei 0.0213 0 255 138 302
huawei 0.0208 426 31 638 144
huawei 0.0207 7 169 168 214
huawei 0.0206 349 226 389 240
huawei 0.0206 346 0 536 7
huawei 0.0200 560 140 618 155
kfc 0.0668 519 39 618 93
kfc 0.0262 0 54 348 375
kfc 0.0236 373 144 507 227
lining 0.0234 493 248 629 310
mcdonalds 0.0435 594 261 636 301
mcdonalds 0.0245 582 254 641 315
mcdonalds 0.0204 0 346 119 427
naixue 0.0218 1 235 56 424
naixue 0.0214 238 163 641 428
nike 0.0429 409 3 539 57
nike 0.0268 207 122 371 183
nike 0.0230 480 0 608 65
nike 0.0227 422 244 517 292
nike 0.0208 433 262 485 286
oppo 0.0385 560 140 618 155
oppo 0.0256 447 63 638 126
oppo 0.0210 441 83 538 111
puma 0.0489 102 235 122 257
puma 0.0424 122 202 154 221
puma 0.0361 111 228 136 252
puma 0.0341 66 162 106 230
puma 0.0323 107 202 134 224
puma 0.0308 248 235 263 253
puma 0.0277 98 201 118 228
puma 0.0277 557 80 615 109
puma 0.0266 319 12 390 83
puma 0.0246 222 226 247 244
puma 0.0240 116 179 151 204
puma 0.0231 270 288 306 356
puma 0.0226 233 203 261 222
puma 0.0219 330 188 376 231
puma 0.0218 179 71 211 91
puma 0.0215 166 40 194 77
puma 0.0212 173 68 191 106
puma 0.0206 201 233 221 252
puma 0.0205 96 189 116 216
puma 0.0203 142 182 163 214
puma 0.0200 343 199 383 228
starburks 0.0321 140 91 641 428
uniqlo 0.0222 140 91 641 428
vivo 0.0238 601 342 625 360
vivo 0.0227 538 38 640 108
watsons 0.0291 445 42 637 116
