adidas 0.0291 198 247 221 262
adidas 0.0221 209 247 232 255
adidas 0.0219 66 8 255 47
adidas 0.0211 180 149 393 183
adidas 0.0208 373 10 458 88
anta 0.0914 173 98 217 132
apple 0.0238 234 313 338 382
hotmaxx 0.0205 91 114 164 143
huawei 0.0865 91 114 164 143
huawei 0.0208 254 261 432 309
kfc 0.0808 443 250 520 321
kfc 0.0402 452 259 502 313
kfc 0.0397 476 150 495 167
kfc 0.0327 402 211 416 227
kfc 0.0326 547 133 568 148
kfc 0.0272 451 218 531 336
kfc 0.0259 542 113 562 131
kfc 0.0236 492 120 521 134
kfc 0.0207 4 21 21 63
lining 0.0257 359 187 379 195
lining 0.0250 458 101 480 114
lining 0.0241 174 99 205 112
lining 0.0219 385 7 445 21
mcdonalds 0.0347 484 333 563 382
mcdonalds 0.0311 172 80 195 93
mcdonalds 0.0277 210 225 233 234
mcdonalds 0.0247 138 72 168 86
mcdonalds 0.0246 208 233 228 243
naixue 0.0330 418 164 622 367
naixue 0.0294 5 263 51 382
naixue 0.0243 577 172 610 201
naixue 0.0240 278 242 637 371
naixue 0.0212 395 224 615 316
oppo 0.0229 335 266 376 274
oppo 0.0224 289 99 370 116
puma 0.1548 173 98 217 132
puma 0.0698 186 107 221 134
puma 0.0450 376 205 403 223
puma 0.0346 548 73 567 88
puma 0.0331 386 205 412 216
puma 0.0300 461 53 491 91
puma 0.0299 464 335 606 382
puma 0.0298 325 4 370 18
puma 0.0292 493 330 545 381
puma 0.0291 0 101 377 382
puma 0.0290 442 59 479 83
puma 0.0288 102 293 122 306
puma 0.0287 510 133 529 145
puma 0.0276 373 211 394 228
puma 0.0272 114 243 130 251
puma 0.0272 445 140 468 168
puma 0.0261 393 15 434 26
puma 0.0256 428 304 448 314
puma 0.0255 381 60 431 78
puma 0.0248 448 32 464 45
puma 0.0244 528 146 557 159
puma 0.0244 504 44 539 63
puma 0.0240 187 277 217 289
puma 0.0238 315 1 423 10
puma 0.0237 302 8 401 68
puma 0.0236 114 345 151 364
puma 0.0236 477 123 501 140
puma 0.0232 361 206 377 215
puma 0.0230 179 280 209 296
puma 0.0228 268 16 318 38
puma 0.0228 73 278 91 292
puma 0.0227 510 107 532 121
puma 0.0223 373 304 410 313
puma 0.0220 438 83 474 100
puma 0.0219 538 142 567 170
puma 0.0219 163 107 212 142
puma 0.0218 392 68 425 85
puma 0.0218 83 114 99 127
puma 0.0217 568 75 600 102
puma 0.0217 194 110 236 137
puma 0.0216 407 136 422 147
puma 0.0215 184 6 235 22
puma 0.0214 511 148 540 167
puma 0.0214 106 272 123 285
puma 0.0211 477 134 491 147
puma 0.0209 3 0 60 92
puma 0.0208 342 306 383 313
puma 0.0208 397 145 419 163
puma 0.0207 251 259 263 268
puma 0.0205 93 12 161 31
puma 0.0200 408 140 439 157
uniqlo 0.0284 570 124 594 148
uniqlo 0.0223 574 120 603 143
vivo 0.0325 271 301 292 312
vivo 0.0288 271 67 304 78
vivo 0.0271 388 64 428 75
vivo 0.0246 296 45 353 57
vivo 0.0237 298 63 338 75
vivo 0.0234 46 1 230 17
vivo 0.0233 198 12 232 30
watsons 0.0238 268 5 458 42
watsons 0.0225 96 11 279 66
watsons 0.0222 291 187 337 196
