adidas 0.0380 192 131 226 191
adidas 0.0313 190 34 216 66
adidas 0.0254 200 113 230 148
adidas 0.0248 169 347 245 476
adidas 0.0228 163 335 203 381
adidas 0.0218 276 224 354 371
adidas 0.0217 225 335 301 477
adidas 0.0213 307 354 326 376
adidas 0.0212 333 296 393 449
anta 0.0304 188 146 223 210
anta 0.0269 85 3 250 70
anta 0.0262 0 2 198 45
apple 0.0569 183 157 219 213
apple 0.0360 212 201 480 637
apple 0.0350 71 31 165 160
apple 0.0256 275 345 351 473
apple 0.0254 267 538 361 637
apple 0.0245 0 166 279 640
apple 0.0245 317 541 403 633
apple 0.0221 69 208 187 392
apple 0.0220 322 497 399 605
apple 0.0209 180 171 243 373
apple 0.0204 163 335 203 381
huawei 0.0222 390 365 476 543
kfc 0.0237 2 266 12 342
lining 0.0508 183 146 218 193
lining 0.0404 249 305 299 324
lining 0.0257 174 123 228 209
lining 0.0207 36 272 64 303
naixue 0.0305 408 239 427 270
naixue 0.0252 19 80 43 131
naixue 0.0244 432 274 459 302
naixue 0.0233 409 253 424 278
nike 0.0968 183 157 219 213
nike 0.0373 183 200 213 222
nike 0.0220 229 54 375 137
nike 0.0220 117 265 449 640
nike 0.0205 201 105 312 233
puma 0.0396 195 130 224 198
puma 0.0258 39 305 64 326
puma 0.0245 333 5 389 36
puma 0.0236 432 343 451 378
puma 0.0233 326 11 393 110
puma 0.0230 195 412 215 422
puma 0.0217 204 328 216 348
puma 0.0206 184 10 257 110
starburks 0.0551 185 158 218 211
watsons 0.0211 281 577 441 634
zara 0.0314 98 0 467 361
zara 0.0261 396 333 439 358
