adidas 0.0302 171 172 310 363
adidas 0.0273 1 278 81 565
adidas 0.0260 253 436 307 493
adidas 0.0258 234 459 274 490
adidas 0.0218 76 300 231 484
adidas 0.0207 227 480 252 509
anta 0.0464 403 6 707 84
anta 0.0457 244 4 754 49
anta 0.0360 575 5 874 76
anta 0.0283 290 4 590 82
anta 0.0280 188 3 491 79
anta 0.0260 670 0 960 76
anta 0.0229 543 2 960 50
anta 0.0220 0 3 414 51
apple 0.0410 421 212 960 702
apple 0.0213 0 197 563 719
hotmaxx 0.0427 190 0 960 481
lining 0.0278 150 514 198 536
lining 0.0239 515 591 562 618
mcdonalds 0.0255 758 58 808 110
mcdonalds 0.0213 564 111 611 139
naixue 0.0319 401 269 452 349
naixue 0.0252 8 489 79 719
nike 0.0273 148 465 203 489
nike 0.0231 129 298 156 330
nike 0.0226 661 509 956 589
nike 0.0223 187 380 277 414
puma 0.9134 590 165 796 319
puma 0.0840 583 157 746 247
puma 0.0738 153 528 213 559
puma 0.0475 162 536 203 574
puma 0.0467 243 573 279 590
puma 0.0409 226 576 255 601
puma 0.0409 203 536 261 558
puma 0.0340 148 559 203 605
puma 0.0334 396 286 960 712
puma 0.0310 502 599 536 631
puma 0.0292 573 647 611 683
puma 0.0283 435 587 466 601
puma 0.0273 596 582 659 633
puma 0.0263 163 566 217 595
puma 0.0258 158 304 188 327
puma 0.0255 28 635 65 675
puma 0.0254 223 441 252 465
puma 0.0254 427 602 451 621
puma 0.0243 212 398 244 422
puma 0.0238 198 536 237 563
puma 0.0234 148 386 213 417
puma 0.0229 439 502 469 532
puma 0.0227 269 578 305 593
puma 0.0226 426 510 460 545
puma 0.0223 565 643 621 695
puma 0.0217 688 646 716 664
puma 0.0212 214 583 241 611
puma 0.0210 298 462 332 500
puma 0.0201 603 117 931 337
puma 0.0200 631 180 718 248
zara 0.0336 193 0 960 396
zara 0.0251 34 378 66 401
