anta 0.0351 0 3 626 53
anta 0.0257 73 2 902 42
anta 0.0239 4 1 418 97
anta 0.0231 696 0 1107 13
anta 0.0209 132 4 559 88
apple 0.0497 579 268 1280 769
apple 0.0247 0 120 654 714
hotmaxx 0.1105 243 289 372 373
hotmaxx 0.0211 272 380 346 436
hotmaxx 0.0209 283 429 357 475
hotmaxx 0.0207 556 319 680 342
kfc 0.0513 250 437 283 468
kfc 0.0276 346 440 379 490
lining 0.0297 123 303 199 330
mcdonalds 0.0682 251 323 352 397
mcdonalds 0.0406 326 267 391 313
mcdonalds 0.0393 157 207 192 236
mcdonalds 0.0382 1033 617 1103 651
mcdonalds 0.0368 579 268 1280 769
mcdonalds 0.0351 550 612 599 658
mcdonalds 0.0328 546 597 613 649
mcdonalds 0.0318 327 279 378 324
mcdonalds 0.0287 154 418 182 446
mcdonalds 0.0265 243 289 372 373
mcdonalds 0.0251 1248 344 1280 506
mcdonalds 0.0250 1010 237 1084 268
mcdonalds 0.0246 272 380 346 436
mcdonalds 0.0226 1041 627 1091 661
mcdonalds 0.0225 683 533 727 573
mi 0.1811 242 287 389 390
mi 0.0368 256 292 431 447
nike 0.0348 373 315 1228 821
nike 0.0299 838 293 1085 412
puma 0.9753 645 90 796 206
puma 0.4603 855 310 1151 528
puma 0.3137 839 288 1078 467
puma 0.0526 559 361 1280 797
puma 0.0428 964 531 1011 566
puma 0.0389 738 480 785 510
puma 0.0377 776 472 819 512
puma 0.0374 657 138 766 203
puma 0.0356 710 87 929 213
puma 0.0346 975 521 1033 552
puma 0.0341 1025 523 1070 549
puma 0.0323 779 464 808 495
puma 0.0318 913 360 1031 438
puma 0.0284 539 423 603 465
puma 0.0282 72 85 136 132
puma 0.0277 827 503 864 531
puma 0.0274 629 433 680 464
puma 0.0266 1140 297 1210 338
puma 0.0247 694 243 1156 541
puma 0.0247 1073 277 1118 328
puma 0.0230 711 438 759 470
puma 0.0229 1025 575 1065 600
puma 0.0225 840 295 1013 403
puma 0.0225 533 572 563 590
puma 0.0219 1054 415 1136 492
puma 0.0214 789 478 834 509
puma 0.0211 529 488 571 512
puma 0.0206 542 396 603 453
puma 0.0202 8 3 118 208
uniqlo 0.0533 242 287 389 390
vivo 0.0225 1208 396 1256 431
watsons 0.0206 567 742 1132 800
zara 0.0395 220 0 1261 460
