adidas 0.0578 395 81 438 118
adidas 0.0298 316 44 364 66
anta 0.0275 267 2 482 47
anta 0.0221 359 3 504 61
anta 0.0202 404 3 626 49
coco 0.0226 308 476 422 497
hm 0.0315 116 213 647 497
hotmaxx 0.0531 111 270 356 379
hotmaxx 0.0458 116 213 647 497
hotmaxx 0.0254 127 196 352 240
hotmaxx 0.0221 150 290 444 350
hotmaxx 0.0200 92 341 434 397
huawei 0.0226 132 4 344 72
kfc 0.1448 382 83 435 127
kfc 0.0312 433 365 457 393
kfc 0.0235 445 371 463 385
kfc 0.0231 380 103 417 129
lining 0.0644 398 72 430 86
lining 0.0278 187 159 206 172
lining 0.0245 394 84 434 112
lining 0.0201 56 121 94 141
mcdonalds 0.2041 533 295 586 352
mcdonalds 0.0699 137 278 236 337
mcdonalds 0.0552 164 287 219 323
mcdonalds 0.0451 69 329 105 373
mcdonalds 0.0401 146 283 185 327
mcdonalds 0.0350 217 198 245 233
mcdonalds 0.0346 143 299 178 336
mcdonalds 0.0228 184 209 209 236
mcdonalds 0.0225 202 204 230 232
mcdonalds 0.0203 218 293 246 316
mi 0.0308 246 458 286 490
nike 0.0398 249 128 278 143
nike 0.0272 402 80 425 96
nike 0.0229 451 72 598 111
puma 0.0758 395 81 438 118
puma 0.0638 192 190 217 215
puma 0.0589 66 123 97 144
puma 0.0518 197 187 227 206
puma 0.0502 145 178 166 194
puma 0.0498 142 180 175 207
puma 0.0464 139 173 169 189
puma 0.0457 299 284 324 310
puma 0.0442 330 317 355 340
puma 0.0400 222 190 244 217
puma 0.0387 188 183 202 195
puma 0.0351 365 320 392 334
puma 0.0326 343 315 365 325
puma 0.0314 399 144 417 159
puma 0.0303 294 280 315 297
puma 0.0302 149 185 178 201
puma 0.0288 391 248 430 263
puma 0.0267 290 167 317 187
puma 0.0262 571 95 594 112
puma 0.0261 430 232 451 246
puma 0.0256 495 153 524 195
puma 0.0246 290 184 315 205
puma 0.0240 283 287 304 302
puma 0.0238 44 0 258 8
puma 0.0235 595 6 642 37
puma 0.0229 361 158 379 171
puma 0.0229 607 265 640 289
puma 0.0225 497 137 521 174
puma 0.0224 1 0 54 128
puma 0.0223 361 161 384 189
puma 0.0222 499 134 537 155
puma 0.0217 122 186 149 206
puma 0.0215 372 93 402 111
puma 0.0214 253 187 280 214
puma 0.0212 375 315 410 325
puma 0.0212 119 182 132 191
puma 0.0211 146 167 183 180
puma 0.0210 434 157 467 191
puma 0.0209 191 168 223 178
puma 0.0208 536 138 567 168
puma 0.0207 603 143 622 165
puma 0.0206 231 190 257 208
puma 0.0206 65 133 94 154
puma 0.0206 394 255 420 268
puma 0.0204 183 198 209 220
puma 0.0204 582 0 652 30
puma 0.0201 79 176 96 188
puma 0.0201 372 265 399 277
puma 0.0200 324 155 342 167
vivo 0.0235 240 478 350 497
zara 0.0610 146 0 648 274
zara 0.0287 47 126 104 147
zara 0.0275 223 218 672 497
