adidas 0.0445 64 413 128 465
adidas 0.0356 474 405 512 431
adidas 0.0314 0 228 97 530
adidas 0.0307 95 276 253 484
adidas 0.0306 222 427 273 473
adidas 0.0242 894 379 931 424
adidas 0.0238 757 583 803 630
adidas 0.0210 234 426 285 458
adidas 0.0206 181 281 212 322
adidas 0.0205 903 524 935 540
adidas 0.0203 246 236 661 307
anta 0.0213 0 2 535 44
apple 0.0435 457 366 495 402
apple 0.0230 450 346 496 386
apple 0.0209 224 163 287 210
hotmaxx 0.0213 454 207 644 254
huawei 0.0305 671 98 802 114
huawei 0.0274 721 103 845 119
huawei 0.0242 923 135 1077 269
huawei 0.0240 474 252 628 276
huawei 0.0227 481 212 692 302
huawei 0.0224 444 199 648 267
huawei 0.0207 212 273 279 310
lining 0.0385 454 207 644 254
lining 0.0253 319 49 420 78
lining 0.0224 203 0 629 10
lining 0.0213 88 306 130 336
lining 0.0205 463 225 508 261
naixue 0.0908 98 326 179 411
naixue 0.0362 1004 328 1068 407
naixue 0.0252 854 418 1001 617
naixue 0.0208 894 379 931 424
nike 0.0343 911 246 964 280
nike 0.0264 463 569 514 590
nike 0.0240 762 225 1069 310
nike 0.0209 818 302 1048 450
nike 0.0200 336 228 714 301
oppo 0.0207 916 605 1072 636
puma 0.1251 556 173 632 228
puma 0.0414 699 454 728 492
puma 0.0332 706 445 741 478
puma 0.0299 225 440 265 488
puma 0.0266 463 439 508 467
puma 0.0261 186 521 225 544
puma 0.0239 647 588 669 607
puma 0.0235 648 467 702 517
puma 0.0234 890 432 927 463
puma 0.0228 256 522 289 547
puma 0.0226 578 599 606 613
puma 0.0220 612 457 794 588
puma 0.0216 175 327 202 365
puma 0.0215 905 431 939 454
puma 0.0213 105 414 165 466
puma 0.0200 209 426 253 456
starburks 0.0224 1004 328 1068 407
vivo 0.0216 682 658 752 686
watsons 0.0261 151 736 624 790
watsons 0.0210 1000 311 1064 346
zara 0.0416 220 0 1036 416
