anta 0.0252 243 378 535 455
anta 0.0215 0 1 491 29
anta 0.0203 599 2 803 10
apple 0.0235 0 116 549 469
hm 0.0685 807 201 962 299
hm 0.0209 799 311 846 343
hotmaxx 0.0669 807 201 962 299
huawei 0.1439 815 209 972 305
kfc 0.0241 811 200 981 306
kfc 0.0228 809 203 853 256
mcdonalds 0.0344 134 36 162 69
mcdonalds 0.0340 742 158 790 192
mcdonalds 0.0273 685 127 729 177
mcdonalds 0.0254 677 171 743 220
mcdonalds 0.0236 67 71 123 108
mcdonalds 0.0222 748 147 810 186
mcdonalds 0.0218 639 123 783 209
naixue 0.0583 807 201 962 299
naixue 0.0412 443 22 665 207
naixue 0.0353 992 8 1077 194
naixue 0.0293 394 314 1046 477
nike 0.0406 1008 232 1067 255
nike 0.0316 243 239 647 294
nike 0.0262 913 377 1056 414
puma 0.0307 954 13 1036 40
puma 0.0262 809 203 853 256
puma 0.0242 0 2 88 127
puma 0.0239 0 5 41 58
puma 0.0213 1013 224 1070 262
puma 0.0213 1032 216 1075 284
starburks 0.8750 458 35 657 212
uniqlo 0.0222 807 201 962 299
zara 0.0256 807 201 962 299
