adidas 0.0442 481 176 527 265
adidas 0.0316 665 42 720 237
adidas 0.0250 453 117 503 137
hotmaxx 0.0209 138 0 720 360
hotmaxx 0.0203 201 2 517 38
huawei 0.0323 214 10 437 85
huawei 0.0247 0 321 215 375
huawei 0.0214 502 262 541 273
huawei 0.0205 213 204 244 215
kfc 0.0340 471 174 533 260
mcdonalds 0.0404 270 306 299 333
mcdonalds 0.0335 374 310 426 353
mcdonalds 0.0325 273 279 295 296
mcdonalds 0.0270 278 301 305 322
naixue 0.0328 214 132 251 199
naixue 0.0298 665 42 720 237
naixue 0.0251 16 449 229 540
naixue 0.0245 162 173 189 207
naixue 0.0240 130 17 226 121
naixue 0.0219 204 14 301 100
naixue 0.0214 70 30 158 181
puma 0.0890 447 169 525 260
puma 0.0351 192 234 208 265
puma 0.0341 486 176 571 294
puma 0.0333 335 20 370 37
puma 0.0302 468 177 511 249
puma 0.0272 344 28 411 62
puma 0.0270 437 175 542 302
puma 0.0263 272 4 392 15
puma 0.0257 466 273 483 292
puma 0.0231 417 253 442 268
puma 0.0227 498 250 521 278
puma 0.0216 483 206 579 342
puma 0.0216 518 295 538 307
puma 0.0212 497 299 515 320
puma 0.0211 463 172 501 224
puma 0.0200 375 146 427 210
starburks 0.1369 214 132 251 199
starburks 0.0601 481 176 527 265
vivo 0.0210 515 17 572 37
watsons 0.0447 7 0 165 10
watsons 0.0344 400 4 720 36
watsons 0.0325 254 3 635 36
watsons 0.0200 266 5 537 56
zara 0.0509 387 259 423 274
zara 0.0237 158 0 691 309
