adidas 0.0435 641 63 670 97
adidas 0.0257 873 271 937 294
adidas 0.0252 738 477 895 641
adidas 0.0251 950 258 1080 446
adidas 0.0226 646 49 686 80
anta 0.0206 206 3 572 75
apple 0.0319 512 519 553 583
hotmaxx 0.0219 407 292 770 357
huawei 0.0337 275 430 352 461
huawei 0.0301 339 81 648 150
kfc 0.0354 583 127 689 236
lining 0.0331 530 358 788 453
lining 0.0243 296 378 680 576
lining 0.0241 741 342 909 450
lining 0.0232 288 470 466 593
lining 0.0220 326 473 581 592
mcdonalds 0.0225 235 125 286 157
mcdonalds 0.0203 916 193 954 213
naixue 0.0837 593 120 684 240
naixue 0.0711 415 99 542 297
naixue 0.0343 588 135 739 272
naixue 0.0317 336 131 786 298
naixue 0.0310 689 159 730 212
naixue 0.0285 798 191 858 230
naixue 0.0277 898 325 1077 431
naixue 0.0245 507 81 553 119
naixue 0.0245 736 564 893 690
naixue 0.0224 556 126 690 332
naixue 0.0221 100 267 178 312
naixue 0.0209 526 126 945 296
naixue 0.0205 945 556 1079 698
naixue 0.0201 815 237 857 272
nike 0.0509 296 378 680 576
nike 0.0401 288 470 466 593
nike 0.0380 312 478 430 561
nike 0.0353 475 391 713 526
nike 0.0244 549 507 849 579
nike 0.0240 326 473 581 592
nike 0.0226 655 663 719 688
nike 0.0208 408 492 770 579
puma 0.0603 313 515 401 594
puma 0.0371 283 478 425 606
puma 0.0274 2 3 93 185
puma 0.0241 275 430 352 461
puma 0.0239 125 426 172 468
puma 0.0225 301 567 354 625
puma 0.0224 2 14 42 82
puma 0.0218 340 196 378 219
zara 0.0334 340 196 378 219
zara 0.0269 229 219 275 241
zara 0.0249 228 0 1028 403
