adidas 0.0328 116 6 202 33
adidas 0.0314 68 124 84 141
adidas 0.0313 78 322 95 339
adidas 0.0292 378 181 443 301
adidas 0.0267 218 225 293 337
adidas 0.0241 114 30 152 48
adidas 0.0225 315 171 399 295
adidas 0.0222 333 173 471 306
adidas 0.0222 145 40 169 66
adidas 0.0217 90 6 178 37
adidas 0.0210 175 35 198 63
adidas 0.0206 70 134 79 151
anta 0.0242 320 1 550 29
anta 0.0205 0 1 152 39
apple 0.0296 322 242 345 262
apple 0.0258 136 286 228 380
apple 0.0226 90 321 184 412
apple 0.0211 0 237 76 326
apple 0.0202 204 326 322 398
huawei 0.0226 0 0 144 9
lining 0.0363 120 312 143 322
lining 0.0240 27 214 68 226
naixue 0.0216 283 27 322 78
nike 0.0264 391 299 419 313
nike 0.0201 449 165 550 231
puma 0.0373 74 347 94 359
puma 0.0351 135 334 165 361
puma 0.0334 308 349 330 360
puma 0.0294 401 225 432 255
puma 0.0290 351 275 386 292
puma 0.0276 86 322 114 340
puma 0.0267 245 214 265 230
puma 0.0255 105 345 133 359
puma 0.0248 66 227 88 242
puma 0.0248 86 333 104 347
puma 0.0247 118 259 132 283
puma 0.0245 238 35 258 59
puma 0.0230 406 229 438 248
puma 0.0223 72 353 88 366
puma 0.0222 125 253 144 273
puma 0.0219 78 322 95 339
puma 0.0219 329 278 365 292
puma 0.0216 71 361 84 376
puma 0.0210 80 313 104 328
puma 0.0210 139 340 170 356
puma 0.0210 118 178 133 193
puma 0.0205 98 323 132 337
starburks 0.8282 97 44 179 132
starburks 0.4486 112 61 216 148
watsons 0.0215 139 398 370 429
zara 0.0233 12 141 33 156
