adidas 0.0428 819 72 1006 243
adidas 0.0419 858 52 909 85
adidas 0.0260 816 422 858 457
adidas 0.0245 658 148 1005 243
adidas 0.0230 866 40 934 82
adidas 0.0204 851 82 892 121
anta 0.0503 0 8 520 60
anta 0.0384 0 7 356 138
anta 0.0238 48 3 757 45
anta 0.0221 685 3 909 107
hotmaxx 0.0484 836 132 1051 249
hotmaxx 0.0203 827 93 999 216
huawei 0.1962 824 125 1029 249
huawei 0.0346 988 174 1043 209
kfc 0.0342 640 721 681 776
kfc 0.0218 656 725 695 768
kfc 0.0211 808 407 835 435
kfc 0.0203 626 459 661 531
lining 0.0221 632 321 673 341
mcdonalds 0.0477 876 261 912 286
mcdonalds 0.0351 587 368 606 404
mcdonalds 0.0266 583 437 602 487
mcdonalds 0.0263 585 401 603 444
mcdonalds 0.0254 599 435 624 470
mcdonalds 0.0245 597 398 622 425
mcdonalds 0.0241 538 136 583 170
mcdonalds 0.0237 948 268 987 295
mcdonalds 0.0234 627 489 669 572
mcdonalds 0.0232 574 143 608 202
mcdonalds 0.0205 594 473 619 513
mcdonalds 0.0202 347 677 499 714
nike 0.0224 882 43 1047 178
oppo 0.0202 827 93 999 216
puma 0.0454 876 681 916 715
puma 0.0269 765 545 808 591
puma 0.0230 848 408 875 436
puma 0.0221 804 256 819 279
puma 0.0201 802 687 861 722
starburks 0.9966 114 250 464 598
watsons 0.0345 805 99 1060 386
watsons 0.0331 803 112 1040 266
zara 0.0522 827 93 999 216
