adidas 0.0239 248 13 313 111
adidas 0.0232 464 229 561 342
anta 0.0216 0 1 292 23
apple 0.0238 0 113 332 393
apple 0.0226 278 144 601 395
coco 0.0505 458 264 567 357
coco 0.0302 471 268 513 297
hotmaxx 0.0209 58 353 256 397
huawei 0.1098 236 113 332 125
huawei 0.0351 228 115 293 125
huawei 0.0232 175 114 250 126
huawei 0.0221 0 76 198 123
huawei 0.0206 482 35 601 87
huawei 0.0203 0 38 203 79
lining 0.2298 101 206 203 228
lining 0.0412 319 205 414 232
lining 0.0244 248 1 386 8
lining 0.0226 211 0 352 9
lining 0.0201 381 1 530 5
mcdonalds 0.0257 74 338 96 362
mcdonalds 0.0237 132 342 156 355
mcdonalds 0.0211 1 325 73 400
mcdonalds 0.0202 483 208 510 228
naixue 0.0296 547 29 599 181
naixue 0.0268 472 20 554 125
naixue 0.0251 0 33 48 170
naixue 0.0221 531 7 601 136
naixue 0.0213 4 289 52 400
oppo 0.0257 541 71 576 81
puma 0.0422 478 359 535 376
puma 0.0204 0 2 58 96
starburks 0.8963 233 25 313 102
starburks 0.0447 250 42 331 117
starburks 0.0437 472 271 512 302
uniqlo 0.0236 71 331 241 399
vivo 0.0293 371 376 418 396
watsons 0.0627 331 305 398 314
