adidas 0.0763 407 40 555 140
adidas 0.0368 699 394 743 420
adidas 0.0283 623 189 672 250
adidas 0.0273 626 42 674 78
adidas 0.0238 426 10 518 47
anta 0.0272 0 3 457 48
apple 0.0380 670 498 733 541
apple 0.0307 843 440 920 522
apple 0.0205 631 515 671 553
apple 0.0203 400 588 582 720
apple 0.0200 154 645 238 683
coco 0.0588 473 103 832 570
coco 0.0492 302 52 721 498
hotmaxx 0.0206 224 0 1080 599
huawei 0.0455 740 149 821 181
huawei 0.0321 0 132 283 217
huawei 0.0231 404 463 497 478
kfc 0.0225 322 86 864 720
kfc 0.0211 400 31 568 131
lining 0.0219 426 10 518 47
naixue 0.0238 0 203 405 720
naixue 0.0228 897 6 1080 125
naixue 0.0203 860 19 1003 142
naixue 0.0201 979 227 1032 282
nike 0.0254 887 420 1076 539
nike 0.0253 892 456 969 526
nike 0.0247 542 653 599 700
nike 0.0207 853 438 1011 529
oppo 0.0227 399 442 1070 558
puma 0.0500 843 448 1018 547
puma 0.0458 125 473 154 506
puma 0.0383 118 462 166 482
puma 0.0296 862 481 1033 603
puma 0.0295 863 540 898 568
puma 0.0273 889 460 981 541
puma 0.0246 911 534 958 569
puma 0.0245 926 220 946 235
puma 0.0240 867 222 898 241
puma 0.0228 484 503 529 520
puma 0.0224 131 438 168 463
puma 0.0220 150 430 185 451
puma 0.0218 125 452 156 479
puma 0.0209 690 120 721 164
puma 0.0200 928 203 963 222
starburks 0.9203 302 62 708 511
starburks 0.6937 473 103 832 570
starburks 0.0459 13 0 1080 720
starburks 0.0221 372 150 986 635
uniqlo 0.0299 13 0 1080 720
vivo 0.0259 119 695 270 718
