anta 0.0807 65 116 147 170
anta 0.0555 137 109 252 165
anta 0.0518 99 75 290 171
anta 0.0273 860 165 904 207
anta 0.0265 0 57 213 187
anta 0.0241 89 109 170 175
apple 0.0285 496 214 1080 740
apple 0.0235 0 207 606 748
coco 0.1116 580 255 673 355
hotmaxx 0.0645 205 192 361 242
hotmaxx 0.0547 195 205 424 248
huawei 0.0423 739 14 891 173
huawei 0.0225 610 0 782 83
huawei 0.0219 675 0 849 119
huawei 0.0208 434 245 525 270
kfc 0.0265 546 444 583 465
kfc 0.0240 587 269 654 349
lining 0.0313 277 542 351 559
lining 0.0287 444 111 511 144
lining 0.0236 344 563 370 574
lining 0.0203 307 576 398 590
mi 0.0213 196 265 233 290
naixue 0.0344 980 49 1078 338
naixue 0.0323 638 29 790 145
naixue 0.0304 733 25 883 166
naixue 0.0284 918 577 1079 683
naixue 0.0254 424 245 537 463
naixue 0.0244 527 22 664 141
naixue 0.0243 836 43 983 224
naixue 0.0243 718 16 801 119
naixue 0.0221 683 11 912 125
naixue 0.0217 686 58 915 183
nike 0.0532 65 116 147 170
nike 0.0244 158 74 578 167
nike 0.0203 242 122 492 249
puma 0.0587 68 108 147 176
puma 0.0306 959 19 1027 60
puma 0.0244 809 9 962 74
puma 0.0233 100 112 162 175
puma 0.0230 516 217 551 247
puma 0.0229 796 10 876 51
puma 0.0205 167 448 200 475
puma 0.0203 825 11 910 48
starburks 0.1203 587 269 654 349
watsons 0.0323 163 16 905 155
watsons 0.0279 414 8 798 82
zara 0.0202 216 0 1031 432
