adidas 0.0306 689 415 728 436
adidas 0.0272 1 194 26 256
anta 0.0384 263 8 464 74
anta 0.0287 92 5 325 60
anta 0.0237 234 2 641 36
anta 0.0206 0 1 245 48
anta 0.0203 180 5 354 78
apple 0.0275 0 171 449 594
coco 0.2041 176 97 244 173
hotmaxx 0.0305 498 95 630 130
hotmaxx 0.0264 339 319 408 338
huawei 0.0599 75 126 140 150
huawei 0.0260 281 123 477 142
huawei 0.0207 43 8 295 17
kfc 0.0542 176 97 244 173
lining 0.0390 611 205 643 217
lining 0.0356 614 219 637 230
lining 0.0286 549 200 598 212
lining 0.0253 4 203 38 233
lining 0.0237 302 231 346 247
lining 0.0237 232 432 252 442
lining 0.0230 514 199 574 207
lining 0.0225 0 577 71 596
mcdonalds 0.0397 169 309 213 335
mcdonalds 0.0374 426 306 453 331
mcdonalds 0.0355 170 293 196 302
mcdonalds 0.0311 219 299 245 318
mcdonalds 0.0246 157 561 231 597
mcdonalds 0.0205 411 422 433 433
mcdonalds 0.0200 215 303 242 323
mi 0.0355 157 303 219 337
mi 0.0204 167 557 208 593
nike 0.0383 0 107 165 190
nike 0.0275 504 334 562 347
puma 0.0706 78 82 131 121
puma 0.0365 3 236 37 299
puma 0.0301 6 233 45 278
puma 0.0262 149 301 173 321
puma 0.0253 383 282 412 301
puma 0.0244 81 285 114 308
puma 0.0233 618 227 641 257
puma 0.0233 219 299 245 318
puma 0.0231 598 509 650 535
puma 0.0230 194 452 220 463
puma 0.0223 397 336 423 355
starburks 0.4890 176 97 244 173
starburks 0.0246 8 225 44 267
uniqlo 0.0224 157 303 219 337
zara 0.0275 18 65 61 87
zara 0.0250 170 0 758 316
