adidas 0.0277 1361 854 1432 892
apple 0.0284 650 356 736 448
apple 0.0217 920 359 2048 1083
huawei 0.0292 1397 885 1449 918
huawei 0.0251 0 334 607 457
kfc 0.0214 762 1030 880 1085
lining 0.0206 645 1049 767 1108
mcdonalds 0.0308 1055 259 1221 349
naixue 0.0236 197 99 469 498
naixue 0.0200 0 92 160 563
oppo 0.0263 951 1032 1085 1106
oppo 0.0223 645 1049 767 1108
puma 0.0365 239 792 296 864
puma 0.0338 1521 287 1571 322
puma 0.0314 1352 778 1397 802
puma 0.0304 226 846 284 928
puma 0.0289 1395 797 1464 838
puma 0.0268 148 0 543 21
puma 0.0260 1828 925 1892 951
puma 0.0260 0 8 89 129
puma 0.0242 1107 775 1156 805
puma 0.0229 1211 886 1256 922
puma 0.0223 1380 796 1432 826
puma 0.0221 248 159 301 210
puma 0.0220 1570 773 1616 816
puma 0.0219 316 0 609 24
puma 0.0216 1616 921 1662 952
puma 0.0214 1103 898 1148 930
puma 0.0209 446 13 755 99
puma 0.0203 1328 12 1612 91
puma 0.0202 1002 889 1054 925
puma 0.0202 343 810 391 858
uniqlo 0.8332 1061 288 1334 547
uniqlo 0.0392 1010 225 1285 461
uniqlo 0.0219 439 100 498 156
vivo 0.0277 1370 862 1427 886
zara 0.0629 386 0 1987 611
zara 0.0332 1370 862 1427 886
zara 0.0264 460 562 592 613
