adidas 0.0234 939 480 976 496
anta 0.0215 0 2 507 38
apple 0.0396 120 142 157 176
apple 0.0376 42 290 267 413
apple 0.0327 255 318 288 351
apple 0.0296 262 308 490 484
apple 0.0278 352 141 385 177
apple 0.0277 159 276 396 424
apple 0.0246 32 337 280 457
apple 0.0218 192 382 367 534
apple 0.0205 324 272 639 424
apple 0.0204 171 154 356 266
apple 0.0200 288 152 323 170
huawei 0.0301 0 367 335 425
huawei 0.0288 688 142 752 152
huawei 0.0209 230 438 587 489
lining 0.0239 544 188 598 199
lining 0.0232 790 181 891 198
lining 0.0205 754 183 832 197
mcdonalds 0.0299 687 35 739 66
mi 0.0342 663 46 740 115
nike 0.0206 235 0 1080 373
oppo 0.0339 967 205 1040 222
oppo 0.0229 947 177 1038 197
oppo 0.0220 955 110 1030 127
puma 0.0304 913 3 1048 32
puma 0.0274 857 266 901 308
puma 0.0274 705 292 732 310
puma 0.0253 807 261 844 276
puma 0.0227 280 323 315 352
puma 0.0207 105 164 152 186
puma 0.0204 120 150 295 224
puma 0.0202 960 8 1030 45
uniqlo 0.7479 668 46 744 117
zara 0.0454 245 0 1021 336
zara 0.0382 20 298 66 320
zara 0.0209 4 295 51 333
zara 0.0202 22 330 70 352
