adidas 0.0233 811 120 900 336
anta 0.0288 0 0 252 50
anta 0.0279 102 299 144 370
anta 0.0276 824 55 900 263
anta 0.0275 645 4 900 52
anta 0.0205 313 9 511 84
anta 0.0205 0 1 127 90
apple 0.0516 57 187 212 284
coco 0.0525 324 7 383 36
coco 0.0419 470 366 546 470
coco 0.0280 294 0 472 17
coco 0.0252 328 22 372 50
coco 0.0217 367 5 445 34
coco 0.0200 345 1 515 20
hm 0.0342 395 245 884 600
hotmaxx 0.0321 207 200 811 600
huawei 0.0263 121 22 290 50
huawei 0.0251 722 0 888 107
huawei 0.0207 8 528 85 571
kfc 0.2857 400 154 900 598
kfc 0.0313 0 88 517 561
naixue 0.0878 395 245 884 600
naixue 0.0241 875 98 900 191
nike 0.0249 718 168 900 250
oppo 0.0369 103 104 338 192
oppo 0.0340 781 68 874 93
oppo 0.0290 795 100 866 124
puma 0.0318 103 120 163 155
puma 0.0217 0 153 501 562
puma 0.0210 21 532 72 570
puma 0.0209 40 65 133 123
puma 0.0203 106 311 154 347
starburks 0.0714 258 171 867 600
uniqlo 0.2899 258 171 867 600
uniqlo 0.0541 439 253 663 504
vivo 0.0443 498 152 610 199
vivo 0.0304 475 87 535 133
vivo 0.0290 506 116 577 164
vivo 0.0271 171 9 252 43
vivo 0.0254 562 124 617 163
vivo 0.0235 82 192 170 239
vivo 0.0227 294 181 388 226
vivo 0.0215 465 16 525 45
vivo 0.0208 345 1 515 20
vivo 0.0203 568 153 632 200
watsons 0.0389 367 5 445 34
watsons 0.0362 143 4 592 41
watsons 0.0231 391 4 493 37
watsons 0.0210 158 7 472 60
zara 0.0310 175 0 856 355
