adidas 0.0406 235 940 268 1057
adidas 0.0263 237 875 300 945
adidas 0.0230 1114 1364 1161 1419
anta 0.0412 1 11 579 132
anta 0.0276 2 3 423 226
anta 0.0241 810 18 1318 173
apple 0.0270 470 1380 515 1438
apple 0.0245 481 1301 518 1355
apple 0.0201 455 1246 490 1302
kfc 0.0341 642 1382 676 1418
kfc 0.0272 266 1457 302 1503
kfc 0.0236 1191 1544 1245 1635
kfc 0.0230 1212 1550 1259 1622
kfc 0.0218 854 1540 905 1609
kfc 0.0211 322 1539 405 1611
kfc 0.0202 1182 1593 1228 1671
kfc 0.0200 628 1400 675 1441
lining 0.0275 0 1752 125 1806
lining 0.0237 276 1092 391 1176
lining 0.0220 348 1004 444 1071
lining 0.0216 647 1696 700 1770
lining 0.0216 867 1692 944 1757
lining 0.0215 1025 1740 1076 1792
lining 0.0201 806 1707 855 1771
mcdonalds 0.0264 308 1228 374 1331
mi 0.0743 674 1300 722 1369
mi 0.0531 704 1294 759 1370
mi 0.0360 683 1301 748 1362
mi 0.0235 744 1281 805 1340
naixue 0.0439 975 1155 1022 1228
naixue 0.0407 733 1195 783 1272
naixue 0.0267 860 1184 931 1244
naixue 0.0249 667 1205 716 1276
naixue 0.0248 1004 1173 1071 1246
naixue 0.0246 501 1285 546 1328
naixue 0.0209 828 1194 866 1257
naixue 0.0204 632 1279 674 1322
naixue 0.0202 868 1169 953 1224
naixue 0.0200 606 1194 652 1248
nike 0.0201 907 18 1368 156
oppo 0.0294 966 241 1155 274
oppo 0.0220 999 107 1280 169
puma 0.0417 266 1457 302 1503
puma 0.0288 245 1430 266 1483
puma 0.0269 1114 1364 1161 1419
puma 0.0231 1172 1345 1224 1448
puma 0.0202 180 1164 236 1227
puma 0.0200 321 1451 377 1512
puma 0.0200 650 1493 694 1583
uniqlo 0.3127 536 163 861 494
uniqlo 0.2003 511 96 811 403
uniqlo 0.1103 682 1305 739 1376
uniqlo 0.0591 499 165 622 428
uniqlo 0.0255 678 1351 747 1407
zara 0.0327 107 1373 165 1412
zara 0.0214 8 1370 56 1460
