anta 0.0391 2565 1077 2747 1159
anta 0.0290 1945 7 3063 249
apple 0.0246 1569 947 1647 1055
apple 0.0222 0 255 1730 2176
hm 0.0465 722 789 846 910
hm 0.0242 1548 912 1674 1011
huawei 0.0217 2 216 1013 538
kfc 0.0210 2304 1107 2395 1207
lining 0.0216 530 974 769 1028
mi 0.1533 701 772 834 911
mi 0.0648 2518 658 2709 841
mi 0.0364 722 814 822 906
mi 0.0257 1569 947 1647 1055
mi 0.0209 1470 946 1636 1017
oppo 0.0257 2827 406 3160 516
oppo 0.0239 261 7 1167 45
oppo 0.0236 328 123 955 229
oppo 0.0208 1775 5 3264 140
puma 0.0651 972 1068 1089 1136
puma 0.0430 938 1096 1041 1187
puma 0.0276 891 1097 1008 1198
puma 0.0261 2565 1077 2747 1159
puma 0.0261 2581 1111 2726 1213
puma 0.0246 774 1093 870 1145
puma 0.0242 425 1106 496 1200
puma 0.0238 2504 1068 2658 1143
puma 0.0228 755 1067 894 1123
puma 0.0217 2162 1308 2291 1413
puma 0.0215 2269 1236 2373 1368
puma 0.0208 2810 1337 2916 1431
uniqlo 0.6343 2512 657 2714 851
uniqlo 0.1714 701 772 834 911
uniqlo 0.0361 48 1060 148 1189
uniqlo 0.0239 1589 1214 1658 1321
uniqlo 0.0202 1580 1151 1636 1224
zara 0.0473 720 0 3264 1509
zara 0.0315 2745 1168 3011 1255
zara 0.0263 296 1053 452 1127
zara 0.0245 688 961 1674 1281
zara 0.0201 1258 1060 1405 1132
