adidas 0.0380 92 453 112 467
adidas 0.0270 328 434 346 464
adidas 0.0202 284 366 304 398
anta 0.0431 8 2 178 38
anta 0.0337 398 15 437 183
anta 0.0286 6 2 129 59
anta 0.0219 34 0 258 29
apple 0.0204 208 248 227 291
apple 0.0200 203 149 439 527
hotmaxx 0.0632 163 65 249 124
hotmaxx 0.0269 168 95 291 151
hotmaxx 0.0255 309 153 364 222
hotmaxx 0.0237 289 168 350 261
hotmaxx 0.0215 313 178 365 258
hotmaxx 0.0208 267 317 397 371
huawei 0.0501 163 65 249 124
huawei 0.0351 0 322 123 375
huawei 0.0341 172 428 193 436
huawei 0.0327 131 403 151 416
huawei 0.0261 173 266 305 317
kfc 0.1450 315 246 347 307
kfc 0.0458 290 196 309 224
kfc 0.0422 314 199 337 230
kfc 0.0417 370 274 397 327
kfc 0.0321 213 419 221 437
kfc 0.0315 325 198 356 228
kfc 0.0257 370 412 383 430
kfc 0.0245 264 197 284 223
kfc 0.0241 322 246 343 288
kfc 0.0233 347 288 364 317
kfc 0.0224 372 444 385 461
kfc 0.0220 308 201 325 234
kfc 0.0216 326 205 342 244
kfc 0.0207 372 247 436 348
lining 0.0202 352 351 378 367
mcdonalds 0.0239 374 129 394 183
mi 0.0373 171 376 197 411
naixue 0.0348 304 194 359 346
naixue 0.0328 118 116 135 143
naixue 0.0305 315 240 347 304
naixue 0.0249 420 222 439 321
naixue 0.0234 2 307 13 362
naixue 0.0220 170 376 198 412
naixue 0.0218 0 77 33 318
nike 0.0263 325 405 343 434
nike 0.0241 288 428 312 442
nike 0.0224 365 81 439 182
puma 0.0391 222 486 253 518
puma 0.0271 70 384 83 405
puma 0.0254 283 346 302 381
puma 0.0250 332 76 399 199
puma 0.0240 81 472 112 511
puma 0.0236 216 347 231 365
puma 0.0222 286 115 301 139
puma 0.0217 254 58 276 97
puma 0.0211 395 385 408 401
puma 0.0204 402 4 439 131
puma 0.0203 328 434 346 464
uniqlo 0.4135 315 240 347 304
uniqlo 0.1150 170 376 198 412
uniqlo 0.0377 322 246 343 288
uniqlo 0.0271 212 247 224 271
uniqlo 0.0215 310 244 334 297
uniqlo 0.0212 118 123 132 154
uniqlo 0.0204 164 289 178 311
zara 0.0481 188 64 242 116
zara 0.0479 95 0 426 304
zara 0.0207 10 311 31 332
