apple 0.1053 453 34 632 139
apple 0.0433 784 193 829 241
apple 0.0319 143 130 231 222
apple 0.0297 480 43 608 210
apple 0.0219 525 37 582 103
apple 0.0215 511 31 751 161
hm 0.0386 0 0 986 535
hm 0.0226 151 26 410 295
huawei 0.0369 497 149 542 166
huawei 0.0313 499 177 539 190
huawei 0.0261 435 147 481 160
kfc 0.0276 0 230 20 326
kfc 0.0213 3 266 21 347
lining 0.0234 145 265 212 290
mcdonalds 0.0450 146 29 402 261
mcdonalds 0.0273 114 236 145 268
mcdonalds 0.0203 210 16 252 39
mi 0.0557 146 29 402 261
mi 0.0201 351 86 952 535
naixue 0.0298 416 101 979 522
naixue 0.0247 670 38 986 469
naixue 0.0244 8 340 75 535
naixue 0.0209 859 212 972 372
naixue 0.0201 886 283 928 317
naixue 0.0200 651 220 986 535
puma 0.0340 146 469 227 512
puma 0.0319 638 114 688 143
puma 0.0265 110 2 236 15
puma 0.0226 82 311 125 335
puma 0.0214 120 7 169 26
puma 0.0203 397 496 468 523
puma 0.0203 628 112 676 156
puma 0.0202 2 6 40 61
uniqlo 0.2349 116 229 491 535
uniqlo 0.1571 230 189 580 504
uniqlo 0.0755 238 27 954 535
uniqlo 0.0614 5 49 717 535
uniqlo 0.0309 740 119 779 159
zara 0.1145 245 0 986 443
zara 0.0221 46 0 777 311
