anta 0.0269 435 10 600 111
anta 0.0247 362 0 575 41
anta 0.0246 537 48 600 155
apple 0.0254 323 48 344 67
apple 0.0209 61 111 95 129
coco 0.0324 284 197 319 239
coco 0.0233 307 382 409 400
hm 0.0218 80 35 557 350
huawei 0.0871 0 116 167 161
huawei 0.0484 0 197 165 245
huawei 0.0451 0 156 174 204
huawei 0.0312 0 78 198 120
huawei 0.0296 61 41 269 75
huawei 0.0260 0 235 187 276
huawei 0.0206 186 4 371 63
lining 0.0246 0 384 52 397
mcdonalds 0.0205 164 97 191 122
naixue 0.0410 0 267 338 400
naixue 0.0290 0 240 255 318
naixue 0.0242 224 100 551 337
naixue 0.0211 0 35 49 186
oppo 0.0380 517 69 578 84
oppo 0.0246 516 90 578 107
oppo 0.0214 526 49 579 63
puma 0.0283 547 4 600 138
puma 0.0260 351 54 374 70
puma 0.0252 111 1 221 6
puma 0.0250 559 34 600 189
puma 0.0243 116 8 160 19
uniqlo 0.9607 165 89 363 283
uniqlo 0.6344 222 130 435 335
uniqlo 0.0364 275 109 542 342
zara 0.0542 134 0 566 208
zara 0.0288 399 296 421 306
zara 0.0202 18 234 42 244
