coco 0.0503 613 312 661 347
huawei 0.0235 303 1 849 19
kfc 0.0389 102 237 158 294
kfc 0.0250 93 37 160 99
kfc 0.0246 612 316 662 351
kfc 0.0243 125 245 184 282
kfc 0.0239 67 253 98 296
kfc 0.0214 65 283 90 305
lining 0.0274 641 89 680 96
mcdonalds 0.0849 681 14 768 73
mcdonalds 0.0351 761 182 789 210
mcdonalds 0.0273 480 144 514 169
mcdonalds 0.0261 344 327 386 364
mcdonalds 0.0258 326 40 378 71
mcdonalds 0.0241 320 98 381 159
mcdonalds 0.0223 628 188 653 212
mcdonalds 0.0222 768 91 791 110
mcdonalds 0.0221 762 200 793 231
mcdonalds 0.0217 56 118 93 143
mcdonalds 0.0214 325 126 377 162
mcdonalds 0.0207 0 0 173 43
mcdonalds 0.0201 761 217 794 254
mcdonalds 0.0200 575 146 602 167
mcdonalds 0.0200 0 18 200 112
mi 0.0313 329 348 380 371
mi 0.0283 335 322 384 359
mi 0.0265 454 171 547 238
mi 0.0208 652 22 853 95
puma 0.0417 779 293 834 315
puma 0.0244 794 9 847 27
puma 0.0239 296 5 431 36
puma 0.0236 768 280 800 304
puma 0.0224 155 182 206 196
puma 0.0215 2 4 38 43
puma 0.0212 152 309 185 322
puma 0.0208 790 3 869 20
starburks 0.0314 613 312 661 347
uniqlo 0.6242 459 173 590 293
uniqlo 0.2983 453 202 558 275
uniqlo 0.0591 454 171 547 238
uniqlo 0.0249 456 112 893 356
uniqlo 0.0225 4 282 38 303
uniqlo 0.0202 0 296 19 344
watsons 0.0220 171 283 233 297
zara 0.0539 199 0 895 242
