adidas 0.0394 571 41 639 214
adidas 0.0323 47 250 155 367
adidas 0.0231 0 226 54 406
adidas 0.0215 579 5 640 129
anta 0.0338 549 0 638 20
anta 0.0317 458 0 638 57
anta 0.0265 320 0 438 9
anta 0.0257 74 6 153 55
anta 0.0226 70 7 243 59
apple 0.0238 563 46 640 202
hotmaxx 0.0341 250 42 336 133
hotmaxx 0.0237 515 284 640 337
huawei 0.0261 270 211 322 222
huawei 0.0260 68 135 226 195
huawei 0.0230 595 307 627 328
kfc 0.0285 493 452 547 477
lining 0.0223 262 107 318 133
mcdonalds 0.0291 423 384 617 478
mcdonalds 0.0281 550 383 636 480
mcdonalds 0.0277 273 91 299 122
mcdonalds 0.0255 302 21 338 39
mcdonalds 0.0219 502 413 640 474
mcdonalds 0.0204 330 416 374 472
naixue 0.0406 591 108 640 209
naixue 0.0300 0 317 458 480
naixue 0.0288 577 36 640 252
naixue 0.0235 3 324 59 480
nike 0.0299 1 433 58 480
puma 0.1268 504 437 540 469
puma 0.0827 511 436 549 461
puma 0.0396 5 1 135 228
puma 0.0348 330 349 360 385
puma 0.0289 377 377 409 408
puma 0.0288 72 0 159 32
puma 0.0282 311 347 339 381
puma 0.0269 0 43 75 208
puma 0.0256 0 12 241 313
puma 0.0249 492 443 539 478
puma 0.0245 487 437 519 459
puma 0.0245 540 86 579 131
puma 0.0231 565 2 625 29
puma 0.0227 579 5 640 129
puma 0.0223 309 333 338 407
puma 0.0222 335 427 354 458
puma 0.0221 441 117 459 139
puma 0.0220 61 15 137 179
puma 0.0220 1 86 143 156
puma 0.0213 121 155 149 179
puma 0.0201 442 104 471 118
uniqlo 0.9893 244 113 333 195
uniqlo 0.8817 267 120 355 215
zara 0.0475 139 0 619 264
zara 0.0231 358 378 610 459
