apple 0.0561 382 563 409 578
apple 0.0247 830 48 1017 238
apple 0.0245 377 556 410 573
apple 0.0214 396 610 583 735
apple 0.0212 369 568 390 582
hm 0.0260 266 331 350 401
huawei 0.0228 117 74 427 151
huawei 0.0218 855 318 921 344
huawei 0.0215 845 373 1080 451
huawei 0.0208 278 442 353 454
huawei 0.0207 637 416 664 434
huawei 0.0202 182 397 253 418
kfc 0.0284 750 621 793 650
kfc 0.0273 136 616 184 644
kfc 0.0270 101 618 143 644
lining 0.0319 377 556 410 573
lining 0.0211 281 670 347 703
mcdonalds 0.0233 627 30 679 66
mcdonalds 0.0232 969 531 1000 563
mcdonalds 0.0214 989 520 1077 622
mcdonalds 0.0209 637 301 673 322
mi 0.0288 819 476 1063 677
mi 0.0210 377 556 410 573
mi 0.0200 382 563 409 578
naixue 0.0240 64 275 113 304
naixue 0.0219 184 282 220 309
oppo 0.0200 391 677 461 709
puma 0.0444 750 424 790 452
puma 0.0348 733 434 772 478
puma 0.0333 717 429 754 454
puma 0.0316 240 4 408 69
puma 0.0297 795 557 824 576
puma 0.0255 747 430 787 475
puma 0.0238 1 0 93 183
puma 0.0205 323 0 573 11
puma 0.0205 704 448 750 477
uniqlo 0.9952 834 506 1053 731
uniqlo 0.2008 546 59 724 256
uniqlo 0.0351 686 339 728 389
uniqlo 0.0338 377 556 410 573
uniqlo 0.0323 581 466 633 507
uniqlo 0.0311 688 461 730 512
uniqlo 0.0250 788 396 1080 711
uniqlo 0.0243 128 343 172 403
uniqlo 0.0239 279 342 349 394
uniqlo 0.0236 382 563 409 578
watsons 0.0269 233 517 323 533
zara 0.0432 0 3 962 567
zara 0.0235 401 569 428 583
zara 0.0231 337 51 392 91
