adidas 0.0316 603 26 692 76
adidas 0.0309 151 32 191 65
adidas 0.0288 135 32 169 68
adidas 0.0214 587 27 663 62
anta 0.0585 5 203 119 300
anta 0.0212 314 4 685 67
anta 0.0208 3 55 103 311
hm 0.0333 277 205 887 651
hm 0.0238 529 232 1002 624
huawei 0.0420 0 450 240 521
huawei 0.0293 0 385 239 460
kfc 0.1298 507 133 1036 580
kfc 0.1034 271 336 325 386
kfc 0.0900 578 346 634 447
kfc 0.0344 728 292 795 405
kfc 0.0271 472 329 502 352
kfc 0.0270 369 340 429 372
kfc 0.0265 0 95 630 646
kfc 0.0226 289 343 352 379
kfc 0.0218 205 347 241 368
kfc 0.0207 368 267 435 309
lining 0.0263 6 204 89 253
mcdonalds 0.0305 241 247 282 293
mcdonalds 0.0294 931 389 982 419
mcdonalds 0.0278 262 290 304 320
mcdonalds 0.0234 268 281 312 306
mcdonalds 0.0233 694 155 738 191
mcdonalds 0.0230 252 297 283 331
mi 0.0401 507 133 1036 580
naixue 0.0814 507 133 1036 580
naixue 0.0202 314 14 435 154
nike 0.0240 20 609 139 651
nike 0.0218 895 435 1080 523
nike 0.0209 1 596 106 651
nike 0.0207 545 443 873 513
nike 0.0206 74 130 209 182
puma 0.1035 13 208 135 315
puma 0.0696 2 224 193 331
puma 0.0666 60 244 123 323
puma 0.0553 822 565 931 637
puma 0.0535 383 270 427 301
puma 0.0490 719 509 784 546
puma 0.0432 163 184 248 247
puma 0.0411 783 560 1017 651
puma 0.0400 61 205 226 410
puma 0.0399 39 89 132 158
puma 0.0392 0 207 143 449
puma 0.0380 6 217 107 287
puma 0.0344 0 123 442 538
puma 0.0339 0 87 216 404
puma 0.0332 873 276 925 305
puma 0.0295 961 34 1031 86
puma 0.0295 3 132 126 339
puma 0.0290 485 556 516 574
puma 0.0280 798 564 900 622
puma 0.0262 618 38 686 87
puma 0.0256 528 558 562 595
puma 0.0254 491 391 524 414
puma 0.0249 528 531 562 566
puma 0.0248 865 137 941 172
puma 0.0244 853 448 901 481
puma 0.0241 368 254 405 289
puma 0.0240 952 12 1033 53
puma 0.0240 853 125 886 157
puma 0.0238 704 491 792 551
puma 0.0237 372 257 429 287
puma 0.0224 83 78 236 278
puma 0.0221 685 30 748 65
puma 0.0220 581 520 644 538
puma 0.0219 492 387 522 404
puma 0.0219 844 435 915 477
puma 0.0217 931 234 991 282
puma 0.0217 936 269 991 308
puma 0.0216 808 491 854 524
puma 0.0215 0 0 50 82
puma 0.0211 576 33 627 93
puma 0.0210 199 282 238 305
puma 0.0209 144 166 294 261
puma 0.0208 538 56 559 81
puma 0.0206 535 514 573 535
puma 0.0205 568 583 607 617
puma 0.0201 1026 431 1070 501
uniqlo 0.9549 520 110 848 514
uniqlo 0.5362 529 232 1002 624
uniqlo 0.0801 277 205 887 651
uniqlo 0.0692 79 207 659 637
uniqlo 0.0342 0 0 465 523
vivo 0.0342 79 207 659 637
vivo 0.0264 6 204 89 253
vivo 0.0208 57 623 224 647
zara 0.0977 232 0 1056 381
