anta 0.0243 0 4 282 54
apple 0.0361 123 309 148 342
apple 0.0331 360 445 400 464
apple 0.0306 129 328 150 362
apple 0.0293 13 293 160 461
apple 0.0275 0 118 317 762
apple 0.0269 96 292 185 481
apple 0.0265 94 364 185 544
apple 0.0248 417 327 451 339
apple 0.0248 130 307 153 330
apple 0.0222 274 310 588 797
apple 0.0202 320 491 346 522
huawei 0.0402 17 89 84 124
huawei 0.0290 0 419 173 497
huawei 0.0281 72 98 160 120
huawei 0.0258 0 498 190 574
lining 0.0556 500 96 583 159
mcdonalds 0.0207 529 382 583 497
nike 0.0359 152 378 588 836
puma 0.0432 513 87 585 183
puma 0.0392 526 111 581 171
puma 0.0271 245 447 317 469
vivo 0.3274 323 121 588 198
vivo 0.0325 555 234 572 257
vivo 0.0216 551 539 573 564
zara 0.0365 115 0 580 430
zara 0.0322 323 121 588 198
