adidas 0.0252 82 96 199 141
apple 0.0214 395 6 521 78
apple 0.0204 374 245 392 253
coco 0.0266 357 333 416 367
hotmaxx 0.0225 127 218 670 468
huawei 0.0568 480 203 530 210
huawei 0.0370 554 304 699 411
huawei 0.0362 312 337 506 397
huawei 0.0339 202 4 443 77
huawei 0.0327 229 0 700 22
huawei 0.0318 190 52 442 101
huawei 0.0317 280 3 523 75
huawei 0.0284 279 88 508 135
huawei 0.0241 555 19 700 130
huawei 0.0216 340 51 615 98
huawei 0.0215 344 3 597 46
huawei 0.0204 458 210 498 217
huawei 0.0200 420 85 650 136
kfc 0.0515 349 334 426 371
lining 0.0456 151 132 181 141
lining 0.0298 223 90 253 106
lining 0.0294 576 257 617 266
lining 0.0261 91 122 115 131
lining 0.0247 223 127 248 137
lining 0.0242 191 128 216 137
lining 0.0232 485 302 542 312
naixue 0.0228 368 203 396 219
naixue 0.0213 0 37 52 226
nike 0.0252 112 227 165 240
nike 0.0248 286 185 528 225
nike 0.0226 127 249 169 261
nike 0.0215 88 266 109 281
oppo 0.0381 131 138 201 147
oppo 0.0379 107 132 184 143
oppo 0.0273 148 146 201 158
puma 0.0375 96 190 108 204
puma 0.0240 62 6 197 45
puma 0.0231 480 6 599 39
vivo 0.0203 471 177 521 192
watsons 0.0201 34 1 443 27
zara 0.0677 471 177 521 192
zara 0.0446 152 0 683 257
zara 0.0284 20 15 124 53
