adidas 0.0737 110 172 559 409
adidas 0.0305 442 180 462 194
adidas 0.0297 270 114 293 131
anta 0.0372 110 172 559 409
anta 0.0328 295 2 608 31
anta 0.0309 315 1 520 48
anta 0.0288 257 5 456 71
anta 0.0271 0 6 49 166
anta 0.0251 143 0 559 22
anta 0.0248 0 0 311 25
anta 0.0235 186 1 402 46
anta 0.0210 6 54 171 250
anta 0.0205 0 1 215 46
apple 0.0485 209 152 628 378
apple 0.0218 228 354 347 423
coco 0.0237 209 152 628 378
hm 0.0214 0 5 640 427
hotmaxx 0.0422 119 4 640 312
huawei 0.0298 389 300 421 311
huawei 0.0269 167 257 205 267
huawei 0.0262 119 4 640 312
huawei 0.0254 280 45 353 69
huawei 0.0236 136 119 174 132
mcdonalds 0.0337 0 101 640 427
nike 0.0990 189 191 568 398
nike 0.0407 233 137 287 163
nike 0.0241 0 101 640 427
oppo 0.1207 490 35 551 70
oppo 0.0567 532 38 579 66
oppo 0.0563 458 37 518 75
oppo 0.0438 477 2 567 25
oppo 0.0339 107 165 524 427
oppo 0.0285 499 1 609 25
oppo 0.0256 492 16 561 49
oppo 0.0245 452 3 640 13
oppo 0.0210 536 15 594 48
puma 0.1591 136 133 342 273
puma 0.1043 189 191 568 398
puma 0.0520 258 103 609 368
puma 0.0285 205 134 296 216
puma 0.0227 0 113 345 427
puma 0.0220 78 121 101 148
puma 0.0213 262 148 292 192
puma 0.0212 86 336 107 352
puma 0.0212 2 2 56 107
vivo 0.6382 125 136 540 319
vivo 0.3477 107 165 524 427
vivo 0.0778 437 350 488 359
vivo 0.0764 441 354 492 365
vivo 0.0591 457 349 501 361
vivo 0.0506 475 334 492 343
vivo 0.0440 433 358 496 371
vivo 0.0372 337 350 357 358
vivo 0.0342 432 350 456 356
vivo 0.0337 296 362 341 371
vivo 0.0295 303 350 335 358
vivo 0.0289 345 345 369 352
vivo 0.0279 307 360 331 367
vivo 0.0259 293 316 342 330
vivo 0.0255 306 344 348 351
vivo 0.0250 340 331 358 342
vivo 0.0221 448 325 480 334
vivo 0.0216 469 359 497 371
vivo 0.0211 182 141 217 151
vivo 0.0211 329 318 358 331
vivo 0.0210 474 324 507 330
vivo 0.0204 469 323 496 333
watsons 0.0370 11 272 53 287
zara 0.0304 189 191 568 398
