adidas 0.0297 1671 1420 1779 1496
anta 0.0599 1146 1025 1512 1208
anta 0.0218 1620 157 1973 419
anta 0.0215 1823 66 1998 584
apple 0.0376 1022 1319 1065 1367
apple 0.0373 1176 1047 1289 1168
apple 0.0314 990 1289 1016 1327
apple 0.0244 985 1358 1018 1401
apple 0.0201 1016 1237 1058 1278
apple 0.0201 1062 1403 1112 1424
apple 0.0200 991 1457 1031 1496
hotmaxx 0.0323 1761 657 1966 796
huawei 0.0305 769 1252 903 1288
huawei 0.0298 434 1405 515 1477
huawei 0.0297 460 1400 564 1436
huawei 0.0275 81 208 253 295
huawei 0.0247 1439 415 1767 470
huawei 0.0217 1471 423 1858 487
kfc 0.0213 360 1326 416 1398
lining 0.0328 1774 661 1981 788
lining 0.0315 1156 1012 1512 1177
lining 0.0306 1229 1045 1532 1133
lining 0.0267 1790 879 1951 984
lining 0.0267 2 1785 175 1845
mcdonalds 0.0381 443 1204 560 1373
mcdonalds 0.0373 1309 1207 1415 1290
mcdonalds 0.0297 1322 1197 1470 1271
mcdonalds 0.0222 426 1156 717 1373
mcdonalds 0.0210 0 518 1395 1858
mcdonalds 0.0202 1362 1213 1489 1335
mi 0.0236 0 498 1161 1805
nike 0.0365 403 108 806 339
nike 0.0205 253 978 1965 1858
nike 0.0204 522 1117 1254 1324
puma 0.0342 508 1182 639 1340
puma 0.0255 434 1409 498 1478
puma 0.0225 1169 1031 1349 1169
uniqlo 0.0347 428 1178 544 1379
vivo 0.7200 460 196 1667 394
vivo 0.0304 1489 98 1597 162
vivo 0.0236 776 1265 875 1299
zara 0.0254 424 1185 721 1427
zara 0.0244 1362 1213 1489 1335
zara 0.0229 816 1235 896 1277
zara 0.0225 512 1229 697 1342
zara 0.0201 73 0 1922 998
