adidas 0.0209 49 343 61 353
adidas 0.0201 244 322 259 342
anta 0.0983 186 58 227 103
anta 0.0456 0 2 92 43
anta 0.0355 241 174 275 201
anta 0.0351 27 54 195 197
anta 0.0296 13 44 122 91
anta 0.0273 0 3 54 66
apple 0.0251 13 206 81 294
apple 0.0236 55 260 102 359
apple 0.0231 52 350 115 437
apple 0.0225 100 294 117 329
apple 0.0206 50 379 104 461
apple 0.0205 43 212 105 287
hotmaxx 0.0598 53 6 309 313
hotmaxx 0.0340 3 1 281 24
hotmaxx 0.0276 137 2 275 32
hotmaxx 0.0221 167 6 226 43
huawei 0.0633 109 170 139 188
huawei 0.0336 0 277 99 326
huawei 0.0301 124 203 150 214
huawei 0.0221 87 234 204 268
huawei 0.0217 98 170 128 191
huawei 0.0217 0 189 108 233
lining 0.0791 144 58 304 196
lining 0.0742 22 29 175 114
lining 0.0682 20 50 164 90
lining 0.0652 228 163 276 209
lining 0.0650 39 23 262 129
lining 0.0464 241 174 275 201
lining 0.0439 188 52 229 84
lining 0.0348 112 216 139 232
lining 0.0345 126 19 286 164
lining 0.0325 228 171 258 199
lining 0.0280 161 131 215 200
lining 0.0269 85 279 94 287
lining 0.0253 11 7 140 49
lining 0.0212 262 248 273 257
lining 0.0211 97 63 116 79
lining 0.0205 145 134 267 198
lining 0.0202 182 54 229 105
nike 0.1027 141 135 174 180
nike 0.0408 154 139 187 180
nike 0.0282 131 122 233 215
nike 0.0247 144 140 208 205
nike 0.0214 61 196 309 462
oppo 0.0618 53 342 75 350
oppo 0.0270 99 383 186 434
oppo 0.0268 55 343 82 354
puma 0.0363 14 100 25 134
puma 0.0354 233 345 245 385
puma 0.0340 223 344 237 357
puma 0.0318 215 362 234 387
puma 0.0305 218 344 233 362
puma 0.0273 215 351 226 366
puma 0.0246 62 122 309 462
puma 0.0220 1 105 17 155
puma 0.0200 91 407 196 454
vivo 0.0226 192 392 211 411
watsons 0.0360 16 15 269 100
