adidas 0.0282 452 362 477 377
adidas 0.0267 354 277 396 301
adidas 0.0221 201 4 342 45
anta 0.0323 0 1 357 32
anta 0.0201 444 21 565 70
apple 0.0225 0 143 387 502
huawei 0.0676 193 164 342 195
huawei 0.0272 449 256 490 270
kfc 0.0318 127 334 148 358
kfc 0.0298 75 366 111 390
kfc 0.0263 134 333 156 350
kfc 0.0246 123 345 142 367
kfc 0.0243 156 403 174 424
kfc 0.0219 156 473 193 501
kfc 0.0207 156 446 195 461
kfc 0.0204 105 335 124 350
lining 0.0327 250 251 305 266
lining 0.0316 217 247 267 262
lining 0.0308 551 296 622 309
lining 0.0305 361 268 397 282
lining 0.0284 356 265 407 277
mcdonalds 0.0284 296 249 319 263
mcdonalds 0.0257 208 235 232 249
mcdonalds 0.0211 342 254 361 266
mi 0.0462 222 247 258 269
mi 0.0354 219 236 270 258
nike 0.0260 490 3 697 99
nike 0.0237 348 37 426 82
nike 0.0204 522 418 568 433
oppo 0.0318 481 461 617 490
oppo 0.0292 571 296 626 311
puma 0.0318 355 278 391 301
puma 0.0264 155 268 177 282
puma 0.0244 446 5 488 22
puma 0.0214 2 2 62 130
puma 0.0205 123 345 142 367
watsons 0.8829 195 167 449 224
watsons 0.0583 193 164 342 195
watsons 0.0447 557 293 644 308
watsons 0.0345 212 265 438 309
watsons 0.0288 263 340 298 351
