adidas 0.0369 483 218 685 312
anta 0.0279 398 194 450 234
apple 0.0287 398 138 450 192
apple 0.0285 210 32 421 239
apple 0.0272 380 141 434 186
apple 0.0259 571 267 1280 853
apple 0.0209 0 224 753 847
hotmaxx 0.0240 465 304 675 337
huawei 0.0538 854 149 905 172
huawei 0.0274 382 14 795 142
huawei 0.0205 995 27 1139 86
huawei 0.0202 523 373 664 389
kfc 0.0441 1073 522 1106 558
kfc 0.0250 1081 338 1118 369
kfc 0.0215 993 285 1023 315
kfc 0.0206 1082 386 1120 415
lining 0.0250 465 304 675 337
lining 0.0226 5 814 99 845
mcdonalds 0.0388 1040 401 1086 440
mcdonalds 0.0257 1034 412 1073 451
mcdonalds 0.0209 1017 470 1054 503
mi 0.0254 885 152 932 194
naixue 0.0370 209 294 250 324
naixue 0.0365 288 269 351 312
naixue 0.0328 354 265 407 309
naixue 0.0307 354 286 395 324
naixue 0.0268 230 194 396 455
naixue 0.0260 366 244 404 292
naixue 0.0259 255 376 344 429
naixue 0.0256 0 48 96 400
naixue 0.0238 231 298 402 500
naixue 0.0226 261 346 324 380
naixue 0.0215 281 278 335 329
naixue 0.0214 7 619 54 677
nike 0.0324 967 187 1054 231
nike 0.0271 465 304 675 337
nike 0.0246 957 193 1020 239
oppo 0.1095 465 304 675 337
puma 0.0382 1009 663 1077 734
puma 0.0330 1104 142 1183 186
puma 0.0292 1082 157 1128 203
puma 0.0273 1094 275 1147 305
puma 0.0269 1094 151 1148 197
puma 0.0242 697 410 717 428
puma 0.0219 4 0 111 222
puma 0.0209 1097 266 1124 293
puma 0.0208 0 5 49 98
puma 0.0203 1069 675 1135 724
puma 0.0202 709 394 738 410
watsons 0.1647 465 304 675 337
watsons 0.0255 205 3 959 48
zara 0.0348 274 0 1230 473
