adidas 0.0329 260 221 373 263
adidas 0.0289 289 162 329 184
adidas 0.0205 642 3 938 28
anta 0.0373 0 4 441 50
anta 0.0283 0 4 313 83
anta 0.0277 402 0 714 72
anta 0.0224 201 2 541 69
apple 0.0449 178 32 240 67
apple 0.0225 285 570 446 696
apple 0.0224 510 117 550 150
apple 0.0211 532 122 571 149
coco 0.0216 557 296 595 322
hotmaxx 0.0205 823 277 1024 356
huawei 0.0279 753 0 886 37
huawei 0.0262 0 412 264 475
huawei 0.0229 53 82 111 99
huawei 0.0216 27 141 76 163
kfc 0.0347 689 290 750 336
kfc 0.0284 698 392 752 457
lining 0.0537 260 221 373 263
lining 0.0275 362 343 394 358
lining 0.0251 281 196 348 222
lining 0.0239 173 286 208 301
lining 0.0200 343 356 384 369
puma 0.0428 753 0 886 37
puma 0.0289 871 279 917 301
puma 0.0235 287 356 309 378
puma 0.0228 813 402 841 425
puma 0.0224 0 9 39 78
puma 0.0224 0 0 89 165
puma 0.0215 111 417 141 460
puma 0.0212 123 361 146 409
puma 0.0210 816 333 861 360
starburks 0.0521 706 448 750 493
uniqlo 0.0483 689 290 750 336
watsons 0.0394 248 227 378 263
watsons 0.0285 82 259 198 279
watsons 0.0260 769 68 1024 372
zara 0.0355 326 376 396 400
zara 0.0312 211 0 980 383
zara 0.0242 440 342 494 361
zara 0.0235 5 568 54 632
zara 0.0228 260 221 373 263
zara 0.0219 9 114 49 155
