adidas 0.0231 553 266 1000 324
adidas 0.0209 744 397 801 419
adidas 0.0204 444 530 493 544
anta 0.0357 1 5 80 236
anta 0.0335 776 195 1000 275
anta 0.0284 811 149 997 302
anta 0.0278 0 4 465 48
anta 0.0239 33 2 695 35
anta 0.0235 5 3 276 60
anta 0.0207 814 71 995 243
anta 0.0202 4 0 118 131
coco 0.0278 624 175 680 233
hotmaxx 0.0244 168 379 298 404
hotmaxx 0.0237 454 615 535 639
hotmaxx 0.0218 416 626 580 653
huawei 0.0336 559 421 650 445
huawei 0.0304 473 159 674 218
kfc 0.0330 4 390 20 452
kfc 0.0254 64 540 110 595
kfc 0.0235 193 369 263 394
kfc 0.0222 210 374 253 399
kfc 0.0221 700 466 758 487
kfc 0.0202 265 381 292 402
lining 0.0248 150 206 217 219
lining 0.0200 644 364 700 377
mcdonalds 0.0359 164 402 205 425
mcdonalds 0.0237 589 364 620 373
mcdonalds 0.0232 169 381 216 405
mcdonalds 0.0210 134 373 259 403
mi 0.0312 448 10 517 36
naixue 0.0603 565 385 642 434
naixue 0.0314 823 396 884 456
naixue 0.0291 698 382 758 428
nike 0.0253 805 186 1000 280
nike 0.0218 901 230 940 257
nike 0.0208 897 195 942 227
oppo 0.0412 446 153 704 237
puma 0.0287 746 384 769 399
puma 0.0227 898 63 994 286
uniqlo 0.0205 665 467 698 485
watsons 0.3813 467 177 719 266
watsons 0.0383 463 148 693 235
watsons 0.0220 453 139 825 272
zara 0.0314 22 247 84 269
