adidas 0.0455 1159 251 1273 370
adidas 0.0327 111 161 275 362
adidas 0.0303 84 234 308 414
adidas 0.0284 918 430 959 443
adidas 0.0274 930 284 1280 459
adidas 0.0270 867 318 1055 472
adidas 0.0260 0 112 114 394
adidas 0.0254 75 94 310 164
anta 0.0239 559 350 632 369
anta 0.0207 334 244 383 273
anta 0.0206 0 6 509 60
anta 0.0200 309 2 578 105
huawei 0.0240 0 362 353 418
huawei 0.0217 0 431 336 500
huawei 0.0212 156 23 439 113
kfc 0.0567 1116 244 1271 373
kfc 0.0264 1157 262 1252 364
lining 0.0667 557 324 623 338
lining 0.0328 472 129 533 150
lining 0.0291 482 127 580 147
lining 0.0281 82 164 159 180
lining 0.0248 530 319 634 334
lining 0.0246 973 265 1169 305
lining 0.0224 807 0 1162 14
mcdonalds 0.0493 842 238 886 265
mcdonalds 0.0375 834 251 876 277
mcdonalds 0.0319 1159 251 1273 370
mcdonalds 0.0232 873 236 920 249
naixue 0.0604 914 85 1119 163
naixue 0.0210 721 532 934 681
naixue 0.0205 451 464 1267 715
nike 0.0358 983 265 1129 305
oppo 0.0281 1088 240 1271 364
puma 0.0283 983 265 1129 305
puma 0.0265 740 599 832 635
puma 0.0263 838 495 896 518
puma 0.0221 445 576 499 593
puma 0.0210 1001 581 1075 614
puma 0.0206 764 575 827 601
starburks 0.0557 1159 251 1273 370
vivo 0.0227 1188 81 1258 113
watsons 0.3680 477 59 1193 231
watsons 0.0788 502 73 1039 175
watsons 0.0207 71 317 154 331
watsons 0.0202 603 277 1064 349
watsons 0.0200 275 0 1280 426
zara 0.0282 3 569 53 612
zara 0.0210 0 598 45 645
zara 0.0201 33 575 76 597
