adidas 0.0362 2 270 341 355
adidas 0.0346 343 235 547 355
adidas 0.0326 135 244 272 348
adidas 0.0294 302 226 407 369
adidas 0.0293 253 229 462 354
adidas 0.0286 13 207 64 238
adidas 0.0274 226 241 338 341
adidas 0.0263 390 243 498 353
adidas 0.0229 190 201 389 295
adidas 0.0208 183 232 379 353
adidas 0.0207 256 198 456 302
adidas 0.0204 57 278 202 393
adidas 0.0200 332 273 581 309
anta 0.0221 338 167 441 192
anta 0.0220 0 2 205 45
anta 0.0215 656 177 800 235
apple 0.0208 559 240 582 263
apple 0.0207 136 204 177 233
apple 0.0202 168 179 206 232
hotmaxx 0.0218 122 1 800 246
huawei 0.0233 401 248 425 262
huawei 0.0223 56 39 458 104
huawei 0.0209 582 410 721 450
lining 0.0306 337 4 513 9
lining 0.0304 533 179 583 191
lining 0.0289 526 173 591 186
lining 0.0284 334 154 404 164
lining 0.0252 636 28 664 38
lining 0.0252 734 96 783 114
lining 0.0238 349 162 396 172
lining 0.0237 13 198 55 215
lining 0.0236 193 3 332 8
mi 0.0266 556 220 581 243
naixue 0.0495 555 222 586 244
naixue 0.0460 258 260 296 281
naixue 0.0427 534 37 699 92
naixue 0.0337 271 286 305 313
naixue 0.0252 700 19 793 134
naixue 0.0240 264 299 306 325
naixue 0.0236 263 273 294 291
naixue 0.0232 423 313 456 332
naixue 0.0224 387 263 417 279
naixue 0.0206 721 294 794 445
naixue 0.0201 0 314 70 450
nike 0.0303 226 250 261 265
nike 0.0253 262 220 312 242
nike 0.0203 405 209 501 233
puma 0.0748 8 18 131 110
puma 0.0530 2 3 90 71
puma 0.0481 14 36 207 100
puma 0.0416 18 19 74 46
puma 0.0405 3 8 38 82
puma 0.0367 7 16 120 58
puma 0.0354 6 16 55 56
puma 0.0350 332 176 385 223
puma 0.0335 7 9 81 137
puma 0.0300 336 182 391 208
puma 0.0286 312 166 410 232
puma 0.0250 23 207 67 238
puma 0.0237 661 360 687 372
puma 0.0216 334 172 392 199
puma 0.0203 54 22 154 51
uniqlo 0.0242 10 289 40 311
uniqlo 0.0231 556 220 581 243
vivo 0.0256 8 1 82 22
vivo 0.0226 463 26 506 34
watsons 0.0417 268 32 767 145
watsons 0.0356 90 55 800 304
watsons 0.0289 49 31 564 136
watsons 0.0225 299 3 469 9
zara 0.0208 13 207 64 238
zara 0.0203 25 360 52 373
