adidas 0.0206 265 483 329 633
adidas 0.0200 440 7 518 64
anta 0.0334 273 9 394 88
anta 0.0268 335 8 460 88
anta 0.0241 0 5 251 51
anta 0.0237 137 302 179 320
apple 0.0227 143 38 209 72
coco 0.0994 112 182 151 229
coco 0.0782 122 175 215 233
coco 0.0508 111 194 141 236
coco 0.0360 256 121 322 188
coco 0.0284 207 141 267 200
coco 0.0202 91 193 118 226
hotmaxx 0.0338 413 374 514 402
hotmaxx 0.0254 392 518 423 528
hotmaxx 0.0234 404 361 525 424
hotmaxx 0.0219 91 0 525 425
huawei 0.0278 226 369 319 398
huawei 0.0222 333 375 360 393
kfc 0.0232 82 411 116 472
kfc 0.0223 60 487 78 524
kfc 0.0212 64 429 80 472
kfc 0.0209 1 152 11 221
kfc 0.0204 71 434 109 483
kfc 0.0202 66 413 85 453
lining 0.0387 384 436 419 451
lining 0.0347 246 613 288 638
lining 0.0315 362 424 404 440
lining 0.0274 382 423 429 437
lining 0.0270 336 608 374 628
lining 0.0243 296 112 374 197
lining 0.0233 371 441 422 458
lining 0.0225 339 436 350 448
lining 0.0215 339 423 360 437
lining 0.0213 366 439 383 457
lining 0.0202 407 364 444 383
mcdonalds 0.0231 139 296 161 314
mcdonalds 0.0223 164 344 187 359
mcdonalds 0.0209 111 335 130 348
naixue 0.0258 0 377 46 655
naixue 0.0250 0 557 226 686
naixue 0.0240 442 527 523 633
nike 0.0296 391 185 515 296
nike 0.0225 49 59 239 139
nike 0.0222 273 9 394 88
nike 0.0209 59 196 93 222
oppo 0.0314 112 164 216 235
puma 0.0590 336 615 367 643
puma 0.0405 339 515 370 538
puma 0.0272 329 514 355 547
puma 0.0237 59 196 93 222
puma 0.0208 116 375 139 394
puma 0.0206 62 485 86 517
puma 0.0201 409 377 448 399
vivo 0.0476 122 175 215 233
watsons 0.8842 101 117 383 290
watsons 0.0323 427 18 523 99
watsons 0.0289 353 623 523 693
watsons 0.0271 223 621 361 693
watsons 0.0261 334 22 525 220
watsons 0.0218 146 624 316 695
watsons 0.0207 156 359 335 416
watsons 0.0202 195 76 452 304
