anta 0.0245 553 23 635 114
anta 0.0228 85 1 502 22
anta 0.0226 118 1 342 44
apple 0.0221 295 153 640 427
coco 0.0444 493 61 533 101
huawei 0.0267 0 169 187 210
huawei 0.0221 149 24 226 42
huawei 0.0218 0 298 186 343
kfc 0.0304 101 355 136 374
kfc 0.0281 337 202 370 241
kfc 0.0200 237 312 263 338
kfc 0.0200 481 243 506 275
lining 0.0275 92 188 115 197
lining 0.0239 463 338 509 352
mcdonalds 0.0431 440 180 464 191
mcdonalds 0.0335 503 393 534 420
mcdonalds 0.0226 393 398 453 427
mcdonalds 0.0224 442 177 471 187
mcdonalds 0.0222 374 157 402 170
mcdonalds 0.0215 480 368 526 417
mcdonalds 0.0210 145 410 234 426
mcdonalds 0.0208 403 156 431 168
mcdonalds 0.0203 425 175 446 184
mi 0.0248 293 399 347 426
naixue 0.0335 277 136 302 152
naixue 0.0333 86 271 106 293
naixue 0.0307 274 124 307 139
naixue 0.0262 306 129 323 143
naixue 0.0217 493 61 533 101
naixue 0.0217 309 119 326 126
naixue 0.0213 206 149 234 168
naixue 0.0202 108 107 130 120
puma 0.0343 341 221 369 246
puma 0.0271 376 264 398 277
puma 0.0265 115 248 138 268
puma 0.0261 204 250 228 275
puma 0.0260 2 0 56 109
puma 0.0242 263 273 289 287
puma 0.0211 50 44 84 59
uniqlo 0.0291 274 135 306 160
uniqlo 0.0286 90 144 108 159
uniqlo 0.0223 9 294 33 320
uniqlo 0.0217 19 296 40 311
watsons 0.5241 374 66 546 127
watsons 0.0639 372 45 510 96
watsons 0.0409 384 21 639 134
watsons 0.0332 350 37 554 114
watsons 0.0225 516 212 549 219
watsons 0.0209 559 212 591 221
watsons 0.0200 372 67 634 156
zara 0.0366 96 189 146 197
zara 0.0266 20 318 41 333
zara 0.0248 135 0 616 229
zara 0.0223 15 99 40 110
zara 0.0222 146 192 189 199
zara 0.0213 15 67 41 81
