adidas 0.0205 455 334 479 346
anta 0.0440 547 21 631 111
anta 0.0277 503 37 632 89
anta 0.0257 0 1 166 39
anta 0.0255 306 224 379 241
anta 0.0236 61 8 212 17
anta 0.0234 85 6 223 62
anta 0.0227 536 5 632 55
anta 0.0211 560 50 630 157
hotmaxx 0.0585 372 266 444 280
hotmaxx 0.0302 100 0 632 251
hotmaxx 0.0210 361 263 439 275
huawei 0.0259 95 274 120 283
lining 0.0347 369 259 427 270
lining 0.0269 377 266 415 276
lining 0.0216 85 244 130 259
mcdonalds 0.0246 92 202 131 214
mcdonalds 0.0246 546 267 565 280
mcdonalds 0.0228 84 305 95 320
mi 0.0283 546 267 565 280
mi 0.0260 546 264 574 288
nike 0.0372 92 244 119 264
nike 0.0258 67 116 116 133
puma 0.0586 46 352 97 385
puma 0.0386 88 241 115 265
puma 0.0372 179 268 194 277
puma 0.0366 205 271 225 282
puma 0.0345 145 272 177 283
puma 0.0334 44 347 112 396
puma 0.0267 93 253 124 275
puma 0.0266 40 363 83 407
puma 0.0233 455 334 479 346
puma 0.0233 83 245 103 266
puma 0.0227 236 262 283 279
puma 0.0218 50 356 85 379
puma 0.0216 209 269 251 283
puma 0.0216 0 372 159 417
puma 0.0216 205 345 221 358
puma 0.0204 135 274 155 285
uniqlo 0.0319 546 264 574 288
watsons 0.1510 91 52 601 145
watsons 0.0771 361 263 439 275
watsons 0.0279 372 266 444 280
watsons 0.0211 78 37 632 312
zara 0.0211 509 312 551 322
