adidas 0.0287 258 134 679 359
adidas 0.0210 0 244 340 315
anta 0.0520 0 3 203 40
anta 0.0472 60 34 293 82
anta 0.0405 334 3 586 40
anta 0.0400 143 194 195 217
anta 0.0334 291 0 700 20
anta 0.0309 607 170 700 263
anta 0.0306 0 4 127 60
anta 0.0290 1 33 198 81
anta 0.0284 545 39 700 87
anta 0.0270 138 203 205 226
anta 0.0250 523 116 675 179
anta 0.0226 292 2 475 50
anta 0.0207 552 60 700 118
coco 0.0247 501 186 552 243
hotmaxx 0.0542 152 0 700 249
kfc 0.0285 258 134 679 359
kfc 0.0201 0 59 395 367
lining 0.0330 522 331 543 339
lining 0.0276 143 180 236 224
lining 0.0232 60 34 293 82
lining 0.0212 134 199 307 238
lining 0.0207 143 194 195 217
lining 0.0200 448 294 473 303
naixue 0.0293 163 157 624 391
naixue 0.0206 4 277 61 398
nike 0.0231 587 114 700 179
nike 0.0225 523 116 675 179
puma 0.0307 186 130 225 159
puma 0.0201 158 99 209 126
starburks 0.1458 184 139 687 357
starburks 0.0414 152 0 700 249
vivo 0.0235 591 184 608 198
vivo 0.0233 152 0 700 249
watsons 0.5647 132 112 612 284
watsons 0.1902 163 157 624 391
