adidas 0.0538 571 441 665 591
adidas 0.0336 587 487 629 561
adidas 0.0327 222 416 257 442
adidas 0.0215 540 431 699 627
adidas 0.0205 461 628 485 652
adidas 0.0201 462 620 505 659
anta 0.0228 571 130 695 230
coco 0.0371 545 146 589 205
huawei 0.0292 0 423 191 473
huawei 0.0248 602 569 688 595
kfc 0.0367 563 433 700 614
kfc 0.0313 368 411 410 455
lining 0.0351 66 119 137 147
lining 0.0308 76 398 108 421
lining 0.0250 457 623 488 642
lining 0.0249 325 264 354 281
lining 0.0247 585 594 646 627
lining 0.0207 60 414 114 438
lining 0.0201 20 418 57 437
mcdonalds 0.0243 67 643 114 688
mcdonalds 0.0206 446 303 477 321
naixue 0.0389 368 411 410 455
naixue 0.0278 450 132 595 217
nike 0.0256 630 232 663 277
nike 0.0219 291 421 335 442
oppo 0.0324 468 624 559 662
puma 0.0249 159 422 182 442
puma 0.0229 213 417 233 439
puma 0.0216 406 539 427 568
puma 0.0209 83 249 111 268
puma 0.0209 300 480 315 491
puma 0.0202 203 426 216 450
puma 0.0202 125 555 155 582
starburks 0.0571 456 628 493 668
vivo 0.0336 188 35 222 54
vivo 0.0233 31 621 81 677
vivo 0.0227 591 327 625 346
vivo 0.0225 324 269 348 284
vivo 0.0200 523 298 539 309
watsons 0.3181 100 69 650 247
watsons 0.0578 450 132 595 217
watsons 0.0432 377 135 598 263
watsons 0.0272 100 76 700 479
watsons 0.0215 93 86 500 208
watsons 0.0200 253 592 296 603
zara 0.0208 219 415 257 436
