adidas 0.0256 30 214 70 249
adidas 0.0236 508 83 540 109
adidas 0.0213 20 210 60 232
apple 0.0206 498 162 531 187
huawei 0.0303 560 4 660 58
huawei 0.0228 153 1 311 7
huawei 0.0214 530 190 564 212
kfc 0.0693 508 84 544 112
kfc 0.0494 66 146 87 173
kfc 0.0256 64 137 89 163
lining 0.0225 536 159 603 192
lining 0.0220 144 364 182 371
mcdonalds 0.0288 146 160 165 177
mcdonalds 0.0271 550 142 583 178
mcdonalds 0.0256 114 152 133 169
mcdonalds 0.0253 149 176 171 201
mcdonalds 0.0253 248 180 270 195
mcdonalds 0.0229 216 142 230 152
mcdonalds 0.0206 560 144 589 173
naixue 0.0247 64 137 89 163
naixue 0.0224 508 84 544 112
naixue 0.0221 437 280 542 380
naixue 0.0207 391 251 487 346
nike 0.0277 125 8 359 48
oppo 0.0250 121 90 332 133
puma 0.0317 213 185 298 249
puma 0.0299 436 2 611 11
puma 0.0285 204 187 245 222
puma 0.0265 253 3 392 10
puma 0.0255 440 4 558 43
puma 0.0251 354 0 505 6
puma 0.0238 248 212 277 234
puma 0.0237 561 189 603 215
puma 0.0235 88 4 190 13
puma 0.0230 464 4 519 25
puma 0.0228 324 1 470 8
puma 0.0202 242 192 279 218
starburks 0.0494 27 212 72 242
watsons 0.8749 121 90 332 133
watsons 0.0873 511 126 565 135
