anta 0.0400 0 2 268 45
anta 0.0281 0 1 191 74
anta 0.0245 377 1 582 61
anta 0.0221 52 0 412 33
anta 0.0221 444 0 630 68
anta 0.0208 119 3 327 62
anta 0.0205 529 355 560 396
apple 0.0464 470 184 501 209
huawei 0.1706 452 114 540 136
huawei 0.0598 464 143 531 157
huawei 0.0307 483 41 545 65
huawei 0.0266 446 40 523 63
huawei 0.0204 251 152 290 167
huawei 0.0202 472 394 529 408
huawei 0.0200 125 358 165 408
lining 0.0447 248 103 360 136
lining 0.0273 0 632 54 655
mcdonalds 0.0201 243 204 259 234
mi 0.0203 422 630 475 654
naixue 0.0522 243 204 259 234
naixue 0.0440 290 339 384 507
naixue 0.0438 275 402 349 508
naixue 0.0300 245 183 267 220
naixue 0.0251 54 248 74 279
naixue 0.0241 206 219 225 240
naixue 0.0229 254 334 348 514
nike 0.0244 122 411 191 458
oppo 0.0364 461 624 630 661
oppo 0.0230 426 246 492 266
puma 0.0392 448 322 470 340
puma 0.0236 411 319 437 331
puma 0.0236 468 273 486 288
puma 0.0204 379 317 401 332
puma 0.0200 467 244 494 258
uniqlo 0.0304 114 299 127 333
vivo 0.0305 391 244 428 257
zara 0.2956 255 100 410 135
zara 0.2731 255 127 460 174
zara 0.0671 459 116 539 133
zara 0.0436 128 0 602 341
zara 0.0204 18 355 39 374
