adidas 0.0310 108 239 168 399
anta 0.0205 384 558 394 687
apple 0.0404 104 111 119 147
apple 0.0252 19 108 101 229
apple 0.0251 171 215 394 674
apple 0.0245 53 111 143 225
apple 0.0210 0 179 225 696
huawei 0.0308 0 415 135 488
huawei 0.0300 116 10 262 109
huawei 0.0297 335 3 394 97
huawei 0.0232 262 19 295 50
huawei 0.0227 0 344 122 420
huawei 0.0207 0 209 126 269
lining 0.0249 353 667 393 694
lining 0.0213 254 350 282 363
naixue 0.0250 171 342 188 365
nike 0.0264 297 527 316 549
nike 0.0237 295 491 311 516
nike 0.0235 173 413 191 425
nike 0.0210 287 472 369 586
oppo 0.0581 219 195 308 224
oppo 0.0533 284 664 394 697
oppo 0.0202 349 233 378 255
puma 0.0472 279 9 316 39
puma 0.0288 251 394 263 413
puma 0.0267 45 116 69 138
puma 0.0261 42 107 81 128
puma 0.0258 0 5 15 78
puma 0.0257 92 112 108 137
puma 0.0257 58 111 81 139
puma 0.0228 47 136 61 157
puma 0.0211 70 439 80 458
puma 0.0203 303 10 339 40
vivo 0.0232 284 664 394 697
watsons 0.0275 131 4 365 41
watsons 0.0208 303 643 394 693
watsons 0.0202 284 664 394 697
zara 0.0792 219 195 308 224
zara 0.0526 75 379 94 392
zara 0.0437 220 215 317 252
zara 0.0356 77 0 377 390
zara 0.0339 90 377 110 388
zara 0.0266 92 412 114 425
zara 0.0234 172 380 190 393
zara 0.0210 45 417 69 432
