adidas 0.0286 303 272 336 286
adidas 0.0229 295 270 326 293
adidas 0.0222 182 12 300 109
adidas 0.0218 206 15 331 52
anta 0.0256 0 42 220 197
anta 0.0207 634 87 673 140
apple 0.0661 262 111 387 180
apple 0.0513 339 129 384 160
huawei 0.0435 310 21 392 38
huawei 0.0254 0 276 226 319
huawei 0.0236 173 0 626 19
huawei 0.0234 198 14 289 46
huawei 0.0222 208 3 434 63
huawei 0.0219 2 157 173 203
huawei 0.0203 45 152 85 174
kfc 0.0219 300 269 324 287
lining 0.0230 198 0 700 125
lining 0.0223 117 94 608 190
mcdonalds 0.0280 306 252 324 263
mcdonalds 0.0229 80 221 102 257
mcdonalds 0.0222 305 232 323 242
naixue 0.0236 245 22 298 44
naixue 0.0225 4 116 20 168
naixue 0.0212 3 123 32 146
nike 0.0410 187 82 491 115
nike 0.0208 5 86 35 108
nike 0.0207 297 109 341 118
puma 0.0553 423 125 507 183
puma 0.0516 127 134 179 197
puma 0.0457 632 86 680 141
puma 0.0447 380 268 401 280
puma 0.0432 383 270 407 286
puma 0.0426 52 3 202 40
puma 0.0416 168 248 187 260
puma 0.0387 560 135 585 150
puma 0.0386 447 140 495 178
puma 0.0378 380 264 409 276
puma 0.0353 118 189 143 211
puma 0.0317 379 281 397 295
puma 0.0315 418 265 433 276
puma 0.0314 69 228 94 244
puma 0.0312 560 112 589 130
puma 0.0304 260 264 282 277
puma 0.0294 375 310 393 319
puma 0.0285 468 125 513 193
puma 0.0273 76 139 101 155
puma 0.0273 217 139 259 190
puma 0.0265 438 297 463 311
puma 0.0262 452 260 475 287
puma 0.0255 178 250 195 260
puma 0.0255 300 269 324 287
puma 0.0255 118 213 146 231
puma 0.0254 518 288 535 305
puma 0.0242 170 246 193 267
puma 0.0233 127 210 155 221
puma 0.0233 392 273 415 284
puma 0.0226 237 253 252 263
puma 0.0223 65 6 168 78
puma 0.0214 634 165 667 198
puma 0.0211 331 267 351 280
puma 0.0208 596 137 621 153
puma 0.0207 633 79 676 120
puma 0.0205 605 2 687 23
puma 0.0204 144 192 177 210
puma 0.0203 657 85 697 154
puma 0.0202 85 214 113 231
puma 0.0200 419 306 436 317
puma 0.0200 69 6 269 71
puma 0.0200 180 248 197 258
zara 0.3354 143 127 540 208
zara 0.1820 136 139 668 255
zara 0.0259 39 0 602 200
zara 0.0253 183 247 205 257
zara 0.0206 127 73 681 327
