adidas 0.0788 270 391 360 473
adidas 0.0439 292 406 343 444
adidas 0.0206 269 318 372 495
anta 0.0204 0 6 246 79
apple 0.0447 134 179 228 379
apple 0.0307 88 284 176 410
apple 0.0270 109 273 256 496
apple 0.0243 0 181 434 704
hotmaxx 0.0206 139 0 707 421
huawei 0.0362 255 456 364 484
huawei 0.0273 242 199 316 217
huawei 0.0254 340 4 572 107
huawei 0.0236 298 0 707 31
huawei 0.0207 258 241 327 255
lining 0.0584 409 274 434 286
lining 0.0246 331 280 377 294
lining 0.0213 16 385 45 404
lining 0.0206 162 0 356 15
nike 0.0604 1 633 64 705
nike 0.0330 0 670 70 697
nike 0.0236 132 475 327 569
nike 0.0211 632 566 667 599
nike 0.0205 238 261 383 372
oppo 0.0464 259 480 370 499
oppo 0.0445 357 375 442 394
oppo 0.0236 277 484 347 512
oppo 0.0234 31 2 461 36
oppo 0.0209 144 2 648 34
puma 0.0834 85 299 168 450
puma 0.0577 103 341 149 419
puma 0.0495 554 366 591 409
puma 0.0456 109 279 236 474
puma 0.0412 541 372 575 416
puma 0.0407 46 476 95 534
puma 0.0387 567 365 587 389
puma 0.0346 84 389 105 453
puma 0.0337 49 338 88 373
puma 0.0316 0 181 434 704
puma 0.0303 562 370 604 399
puma 0.0300 606 184 646 240
puma 0.0285 123 323 203 397
puma 0.0277 479 457 500 476
puma 0.0273 530 378 559 421
puma 0.0273 444 496 463 513
puma 0.0269 0 226 242 679
puma 0.0262 500 344 528 363
puma 0.0258 193 298 226 353
puma 0.0250 600 420 618 455
puma 0.0250 574 551 589 566
puma 0.0248 92 212 289 524
puma 0.0245 524 417 552 450
puma 0.0241 492 418 514 461
puma 0.0240 596 215 635 272
puma 0.0238 88 409 110 436
puma 0.0237 347 372 363 387
puma 0.0227 37 470 90 564
puma 0.0219 300 399 333 426
puma 0.0218 570 572 590 597
puma 0.0218 88 344 117 426
puma 0.0218 536 360 556 389
puma 0.0205 531 369 664 538
puma 0.0205 474 9 590 68
puma 0.0201 150 331 184 393
vivo 0.0384 357 375 442 394
watsons 0.0216 259 480 370 499
zara 0.0417 357 375 442 394
zara 0.0296 149 0 682 394
