anta 0.0223 29 270 128 315
anta 0.0208 15 160 73 189
coco 0.0261 346 336 415 350
coco 0.0205 209 325 238 345
hotmaxx 0.0313 92 136 452 350
huawei 0.0836 22 171 147 203
huawei 0.0254 424 1 500 52
huawei 0.0242 289 37 462 73
huawei 0.0212 110 0 448 15
mcdonalds 0.0232 425 169 451 202
mi 0.0439 278 24 296 42
mi 0.0219 48 320 119 350
mi 0.0208 393 331 423 345
naixue 0.0228 319 134 340 145
nike 0.0377 258 312 293 341
nike 0.0303 429 148 442 157
nike 0.0273 402 121 427 131
nike 0.0233 399 125 416 134
puma 0.0513 428 165 455 190
puma 0.0453 254 171 267 184
puma 0.0448 430 167 460 181
puma 0.0407 421 172 435 181
puma 0.0397 262 168 278 176
puma 0.0259 438 166 468 189
puma 0.0253 248 173 258 188
puma 0.0253 268 172 283 187
puma 0.0243 482 156 496 203
puma 0.0242 407 176 416 189
puma 0.0236 0 1 41 88
puma 0.0234 270 168 293 182
puma 0.0217 428 162 445 176
puma 0.0212 267 165 282 175
puma 0.0208 403 0 500 31
puma 0.0207 245 161 255 174
puma 0.0207 264 187 277 195
puma 0.0205 297 166 312 174
puma 0.0203 415 173 428 186
puma 0.0202 316 186 337 205
puma 0.0200 273 185 294 199
zara 0.4125 12 162 128 192
zara 0.0576 114 0 475 184
zara 0.0307 430 167 460 181
zara 0.0298 34 169 183 211
zara 0.0291 270 170 302 180
zara 0.0219 262 168 278 176
