adidas 0.0937 312 239 496 387
adidas 0.0562 920 90 1050 262
adidas 0.0266 940 11 1053 169
adidas 0.0248 890 69 1037 208
adidas 0.0243 235 369 362 418
adidas 0.0236 386 10 546 124
adidas 0.0231 718 39 763 87
adidas 0.0207 0 413 429 567
adidas 0.0206 724 53 851 225
adidas 0.0205 790 167 820 208
anta 0.0238 292 185 448 338
hm 0.0236 105 81 935 627
huawei 0.0560 587 288 704 422
huawei 0.0404 241 373 358 409
kfc 0.0270 313 247 525 393
kfc 0.0228 880 458 922 500
kfc 0.0212 257 117 842 672
kfc 0.0200 0 70 600 612
lining 0.0270 738 632 779 649
lining 0.0230 303 452 348 462
lining 0.0215 722 610 782 628
mcdonalds 0.0766 406 483 434 502
mcdonalds 0.0750 780 370 819 431
mcdonalds 0.0512 612 504 654 526
mcdonalds 0.0480 576 496 631 519
mcdonalds 0.0443 574 483 604 499
mcdonalds 0.0439 617 510 652 535
mcdonalds 0.0438 594 289 688 408
mcdonalds 0.0373 420 468 450 483
mcdonalds 0.0353 337 74 390 142
mcdonalds 0.0322 555 497 586 516
mcdonalds 0.0288 234 477 255 498
mcdonalds 0.0278 577 504 626 540
mcdonalds 0.0255 621 483 646 498
mcdonalds 0.0248 570 502 609 529
mcdonalds 0.0243 238 467 270 482
mcdonalds 0.0232 615 492 673 510
naixue 0.0218 392 39 535 211
naixue 0.0214 516 15 648 136
naixue 0.0212 734 218 775 280
naixue 0.0209 516 37 653 233
naixue 0.0207 607 94 742 287
naixue 0.0205 733 164 779 244
nike 0.0473 315 117 488 216
nike 0.0303 782 406 1005 508
nike 0.0232 895 380 1048 529
oppo 0.0454 915 76 1049 236
puma 0.0486 194 501 213 528
puma 0.0437 232 488 253 506
puma 0.0435 712 18 762 54
puma 0.0372 570 273 597 308
puma 0.0362 226 131 266 159
puma 0.0344 328 224 394 284
puma 0.0341 447 89 482 126
puma 0.0331 120 536 144 558
puma 0.0320 703 12 772 39
puma 0.0303 230 526 252 538
puma 0.0300 879 53 1038 173
puma 0.0286 234 477 255 498
puma 0.0269 189 473 208 495
puma 0.0264 71 405 125 436
puma 0.0257 789 464 814 487
puma 0.0244 210 495 232 519
puma 0.0242 228 200 270 233
puma 0.0233 780 361 810 398
puma 0.0232 222 161 264 190
puma 0.0230 29 483 66 512
puma 0.0230 122 422 153 462
puma 0.0230 736 513 760 526
puma 0.0226 0 305 74 635
puma 0.0225 256 148 303 170
puma 0.0224 806 459 840 479
puma 0.0224 426 2 490 42
puma 0.0222 755 336 795 362
puma 0.0222 149 524 175 540
puma 0.0219 718 64 771 140
puma 0.0217 9 471 53 529
puma 0.0211 0 458 182 577
puma 0.0209 386 10 546 124
puma 0.0209 898 252 938 308
puma 0.0209 320 7 495 113
puma 0.0208 475 3 561 37
puma 0.0208 746 342 789 377
puma 0.0206 495 2 669 115
puma 0.0205 790 167 820 208
puma 0.0205 775 343 821 374
puma 0.0203 3 450 30 566
puma 0.0201 273 195 321 216
starburks 0.0799 915 76 1049 236
starburks 0.0218 0 0 1053 700
uniqlo 0.0310 608 292 738 456
uniqlo 0.0253 0 0 1053 700
vivo 0.0585 241 373 358 409
watsons 0.0239 724 629 895 657
watsons 0.0232 569 636 700 659
watsons 0.0208 265 263 518 436
watsons 0.0201 250 416 741 475
zara 0.0448 241 373 358 409
