adidas 0.0203 259 27 278 49
anta 0.0304 120 1 269 35
anta 0.0264 0 1 206 24
anta 0.0231 39 95 72 146
anta 0.0226 0 141 10 184
anta 0.0222 0 2 152 40
anta 0.0213 395 15 447 118
hm 0.0232 15 78 450 263
hotmaxx 0.0209 81 67 450 267
huawei 0.0284 94 3 178 30
huawei 0.0236 0 3 87 57
huawei 0.0203 362 260 450 326
huawei 0.0201 74 0 211 12
lining 0.0361 11 0 450 166
lining 0.0309 71 325 93 338
lining 0.0200 192 319 214 331
mcdonalds 0.0516 50 86 193 158
nike 0.0470 329 36 450 121
nike 0.0234 348 290 362 302
nike 0.0220 396 49 426 88
puma 0.0243 324 277 341 286
puma 0.0239 247 12 450 176
puma 0.0235 202 51 270 116
puma 0.0221 39 95 72 146
puma 0.0221 321 26 446 117
puma 0.0211 0 3 19 36
puma 0.0204 316 73 339 93
puma 0.0203 95 270 114 290
puma 0.0202 95 277 110 294
vivo 0.0327 361 171 377 176
vivo 0.0324 81 67 450 267
vivo 0.0272 333 168 349 174
zara 0.1872 81 67 450 267
zara 0.0909 153 29 450 142
zara 0.0544 54 50 429 166
zara 0.0376 50 86 193 158
